
file name: CampbellRiver_analysis_filter_31-Dec-2005_02-Jan-2007
date: 24-Apr-2015
nobs = 8809,  ngood = 8092,  record length (days) = 367.04
start time: 31-Dec-2005
rayleigh criterion = 1.0
Greenwich phase computed with nodal corrections applied to amplitude \n and phase relative to center time

x0= 2.88, x trend= 0

var(x)= 0.98281   var(xp)= 0.96434   var(xres)= 0.018806
percent var predicted/var original= 98.1 %

     tidal amplitude and phase with 95% CI estimates

tide   freq       amp     amp_err    pha    pha_err     snr
*SA   0.0001141    0.1000    0.041    25.62    23.76      5.9
 SSA  0.0002282    0.0256    0.045   219.42    92.32     0.33
 MSM  0.0013098    0.0512    0.037    53.13    51.33      1.9
 MM   0.0015122    0.0138    0.028   245.76   143.62     0.24
 MSF  0.0028219    0.0241    0.033   132.65    82.09     0.55
 MF   0.0030501    0.0239    0.039   189.08    95.30     0.38
 ALP1 0.0343966    0.0037    0.004   129.36    65.10     0.88
*2Q1  0.0357064    0.0132    0.004   165.30    18.92      9.8
*SIG1 0.0359087    0.0069    0.004   186.97    37.10      2.5
*Q1   0.0372185    0.0809    0.004   147.78     3.32  3.5e+02
*RHO1 0.0374209    0.0166    0.004   141.06    14.66       17
*O1   0.0387307    0.4755    0.004   150.43     0.53  1.2e+04
*TAU1 0.0389588    0.0311    0.006   252.83    11.27       30
*BET1 0.0400404    0.0066    0.004   139.50    37.55      3.5
*NO1  0.0402686    0.0412    0.003   154.43     5.23  1.5e+02
 CHI1 0.0404710    0.0029    0.004   167.53    94.12     0.47
*PI1  0.0414385    0.0179    0.005   168.59    14.15       13
*P1   0.0415526    0.2644    0.006   161.93     1.17  2.3e+03
*S1   0.0416667    0.0403    0.007   139.79    10.95       29
*K1   0.0417807    0.8356    0.005   163.25     0.31  3.4e+04
*PSI1 0.0418948    0.0161    0.005   101.73    16.61       12
*PHI1 0.0420089    0.0152    0.005   189.69    19.87      8.3
*THE1 0.0430905    0.0115    0.004   162.93    22.88        7
*J1   0.0432929    0.0458    0.005   184.96     6.31       83
*SO1  0.0446027    0.0227    0.004   275.68    10.42       26
*OO1  0.0448308    0.0334    0.003   203.45     5.23  1.7e+02
*UPS1 0.0463430    0.0050    0.003   227.38    30.57      2.9
*OQ2  0.0759749    0.0053    0.003   190.54    23.90        4
*EPS2 0.0761773    0.0043    0.002    14.06    35.48        3
*2N2  0.0774871    0.0180    0.002   132.61     7.03       56
*MU2  0.0776895    0.0270    0.002    57.37     4.68  1.4e+02
*N2   0.0789992    0.1656    0.002   119.53     0.75  4.8e+03
*NU2  0.0792016    0.0332    0.003   125.48     3.83  1.7e+02
*H1   0.0803973    0.0050    0.002   351.81    29.26      4.3
*M2   0.0805114    0.7708    0.002   142.11     0.18  1.1e+05
 H2   0.0806255    0.0028    0.002    41.98    52.54        2
*MKS2 0.0807396    0.0032    0.002   249.51    33.21      3.2
*LDA2 0.0818212    0.0114    0.002   188.16    11.93       26
*L2   0.0820236    0.0267    0.004   195.38     7.16       47
*T2   0.0832193    0.0126    0.002   149.44    10.57       33
*S2   0.0833333    0.1993    0.002   156.48     0.71  6.6e+03
*R2   0.0834474    0.0032    0.002   191.05    30.52        3
*K2   0.0835615    0.0477    0.002   156.84     2.09  7.2e+02
 MSN2 0.0848455    0.0022    0.002    99.60    54.52      0.9
*ETA2 0.0850736    0.0034    0.002   156.31    26.78      4.7
*MO3  0.1192421    0.0157    0.002   189.70     7.46       64
*M3   0.1207671    0.0081    0.003   320.85    19.28      9.6
*SO3  0.1220640    0.0127    0.002   212.81     8.46       40
*MK3  0.1222921    0.0292    0.003   228.09     4.32  1.1e+02
*SK3  0.1251141    0.0077    0.002   198.84    15.21       11
*MN4  0.1595106    0.0243    0.003   238.54     8.19       53
*M4   0.1610228    0.0733    0.003   269.96     2.87  4.4e+02
*SN4  0.1623326    0.0061    0.003   173.23    30.41      3.2
*MS4  0.1638447    0.0351    0.004   287.85     5.21       97
*MK4  0.1640729    0.0147    0.003   295.51     8.52       30
 S4   0.1666667    0.0034    0.003   270.23    51.97      1.1
*SK4  0.1668948    0.0043    0.003   279.44    33.20      2.9
*2MK5 0.2028035    0.0096    0.003   239.26    18.33      8.4
 2SK5 0.2084474    0.0016    0.002   153.68   124.02     0.43
*2MN6 0.2400221    0.0094    0.002   235.65    11.35       24
*M6   0.2415342    0.0181    0.002   261.79     7.33       68
*2MS6 0.2443561    0.0151    0.002   286.72     8.90       52
*2MK6 0.2445843    0.0055    0.002   335.02    16.54       12
*2SM6 0.2471781    0.0036    0.002   305.58    31.48      2.8
*MSK6 0.2474062    0.0033    0.001   320.37    25.39      5.4
*3MK7 0.2833149    0.0100    0.003   243.14    15.70       16
*M8   0.3220456    0.0104    0.002   259.84    10.35       36
