
file name: CampbellRiver_analysis_filter_31-Dec-2008_02-Jan-2010
date: 23-Apr-2015
nobs = 8809,  ngood = 8536,  record length (days) = 367.04
start time: 31-Dec-2008
rayleigh criterion = 1.0
Greenwich phase computed with nodal corrections applied to amplitude \n and phase relative to center time

x0= 2.84, x trend= 0

var(x)= 0.92891   var(xp)= 0.91183   var(xres)= 0.017107
percent var predicted/var original= 98.2 %

     tidal amplitude and phase with 95% CI estimates

tide   freq       amp     amp_err    pha    pha_err     snr
*SA   0.0001141    0.0593    0.036   300.59    32.39      2.7
 SSA  0.0002282    0.0144    0.028   181.58   119.80     0.27
 MSM  0.0013098    0.0455    0.035   246.35    47.88      1.7
 MM   0.0015122    0.0390    0.033   176.78    51.92      1.4
 MSF  0.0028219    0.0347    0.032   235.05    58.29      1.2
 MF   0.0030501    0.0330    0.031   139.95    65.21      1.1
*ALP1 0.0343966    0.0069    0.004   194.18    39.35      2.6
*2Q1  0.0357064    0.0114    0.005   144.15    23.66      5.3
*SIG1 0.0359087    0.0087    0.005   196.76    33.79      2.6
*Q1   0.0372185    0.0800    0.005   148.58     3.59  2.5e+02
*RHO1 0.0374209    0.0239    0.005   151.37    12.75       22
*O1   0.0387307    0.4805    0.005   150.13     0.66  9.2e+03
*TAU1 0.0389588    0.0319    0.008   239.25    12.67       17
 BET1 0.0400404    0.0062    0.005   118.07    46.65      1.7
*NO1  0.0402686    0.0324    0.007   194.98    13.78       22
 CHI1 0.0404710    0.0060    0.005   197.48    46.45      1.5
*PI1  0.0414385    0.0169    0.005   161.70    18.95       11
*P1   0.0415526    0.2634    0.006   162.19     1.36  1.8e+03
*S1   0.0416667    0.0347    0.009   121.94    13.39       16
*K1   0.0417807    0.8435    0.005   163.07     0.32  3.1e+04
*PSI1 0.0418948    0.0084    0.006   165.68    43.04      2.1
*PHI1 0.0420089    0.0212    0.006   167.60    16.96       11
 THE1 0.0430905    0.0051    0.005    76.53    61.95     0.99
*J1   0.0432929    0.0369    0.004   190.74     7.10       71
*SO1  0.0446027    0.0254    0.005   282.66    12.09       25
*OO1  0.0448308    0.0356    0.005   203.15     7.60       62
 UPS1 0.0463430    0.0046    0.004   247.30    45.67      1.7
*OQ2  0.0759749    0.0038    0.002    63.14    23.20      4.8
*EPS2 0.0761773    0.0037    0.002    19.86    27.53      3.8
*2N2  0.0774871    0.0244    0.002    93.12     4.62  1.5e+02
*MU2  0.0776895    0.0236    0.002    49.19     4.93  1.1e+02
*N2   0.0789992    0.1662    0.002   118.31     0.74  5.9e+03
*NU2  0.0792016    0.0304    0.002   129.05     4.33  2.1e+02
 H1   0.0803973    0.0025    0.002   305.14    49.09      1.6
*M2   0.0805114    0.7727    0.002   142.40     0.18  1.1e+05
 H2   0.0806255    0.0025    0.002   209.18    54.27      1.4
*MKS2 0.0807396    0.0059    0.002   249.20    19.10       10
*LDA2 0.0818212    0.0074    0.002   162.89    17.42       13
*L2   0.0820236    0.0175    0.002   175.46     6.64  1.1e+02
*T2   0.0832193    0.0137    0.002   154.08     8.43       48
*S2   0.0833333    0.2006    0.002   156.33     0.62  7.9e+03
 R2   0.0834474    0.0017    0.002   136.51    56.81      1.3
*K2   0.0835615    0.0497    0.002   158.57     2.05  7.1e+02
 MSN2 0.0848455    0.0012    0.002    83.81    97.30     0.36
*ETA2 0.0850736    0.0021    0.001   167.00    43.50      2.1
*MO3  0.1192421    0.0146    0.002   185.39     9.30       35
*M3   0.1207671    0.0055    0.003   128.68    28.58        4
*SO3  0.1220640    0.0128    0.002   205.89    10.08       35
*MK3  0.1222921    0.0308    0.002   228.75     4.45  1.7e+02
*SK3  0.1251141    0.0062    0.003   197.77    21.89      4.9
*MN4  0.1595106    0.0255    0.004   238.21     8.12       48
*M4   0.1610228    0.0749    0.004   272.90     3.05  4.4e+02
 SN4  0.1623326    0.0034    0.004   236.73    64.59      0.8
*MS4  0.1638447    0.0352    0.003   289.34     6.39  1.1e+02
*MK4  0.1640729    0.0154    0.003   296.68    10.88       27
 S4   0.1666667    0.0033    0.003   271.60    61.99      1.2
*SK4  0.1668948    0.0048    0.003   276.17    32.78      2.5
*2MK5 0.2028035    0.0092    0.004   245.39    21.60      6.6
 2SK5 0.2084474    0.0018    0.002   143.03   104.16     0.52
*2MN6 0.2400221    0.0103    0.002   236.73    12.30       28
*M6   0.2415342    0.0173    0.002   268.31     6.66       64
*2MS6 0.2443561    0.0163    0.002   285.04     7.09       59
*2MK6 0.2445843    0.0059    0.002   330.45    18.25       14
*2SM6 0.2471781    0.0041    0.002   298.21    26.99      3.9
*MSK6 0.2474062    0.0035    0.002   313.16    30.42      4.7
*3MK7 0.2833149    0.0101    0.003   246.44    14.70       14
*M8   0.3220456    0.0091    0.002   266.55    12.49       24
