
file name: CampbellRiver_analysis_filter_31-Dec-2011_02-Jan-2013
date: 23-Apr-2015
nobs = 8833,  ngood = 8161,  record length (days) = 368.04
start time: 31-Dec-2011
rayleigh criterion = 1.0
Greenwich phase computed with nodal corrections applied to amplitude \n and phase relative to center time

x0= 2.86, x trend= 0

var(x)= 0.80969   var(xp)= 0.79396   var(xres)= 0.015623
percent var predicted/var original= 98.1 %

     tidal amplitude and phase with 95% CI estimates

tide   freq       amp     amp_err    pha    pha_err     snr
 SA   0.0001141    0.0462    0.040     3.95    55.45      1.4
 SSA  0.0002282    0.0236    0.032   160.26    86.83     0.55
 MSM  0.0013098    0.0125    0.028   214.10   164.59      0.2
 MM   0.0015122    0.0107    0.026   129.24   154.66     0.16
 MSF  0.0028219    0.0329    0.035   215.63    60.75     0.91
 MF   0.0030501    0.0242    0.034   161.71    83.23     0.51
 ALP1 0.0343966    0.0032    0.004   189.30    84.85     0.71
*2Q1  0.0357064    0.0086    0.005   177.86    34.97      2.8
*SIG1 0.0359087    0.0097    0.005   209.68    31.51      3.9
*Q1   0.0372185    0.0781    0.005   149.74     3.67  2.3e+02
*RHO1 0.0374209    0.0134    0.004   141.64    17.91      9.1
*O1   0.0387307    0.4748    0.005   151.31     0.53  8.6e+03
*TAU1 0.0389588    0.0187    0.004   235.00    11.02       27
*BET1 0.0400404    0.0093    0.004   123.73    29.17      4.8
*NO1  0.0402686    0.0293    0.005   195.35     8.69       42
*CHI1 0.0404710    0.0069    0.005   153.20    35.20        2
*PI1  0.0414385    0.0146    0.004   174.99    18.36       12
*P1   0.0415526    0.2544    0.004   161.05     1.19  3.7e+03
*S1   0.0416667    0.0457    0.007   110.11     7.54       47
*K1   0.0417807    0.8318    0.004   164.01     0.29  3.5e+04
*PSI1 0.0418948    0.0268    0.004   162.56     9.39       39
*PHI1 0.0420089    0.0137    0.004   166.23    17.79       11
*THE1 0.0430905    0.0073    0.005   186.19    37.32      2.5
*J1   0.0432929    0.0500    0.005   201.59     5.98       93
*SO1  0.0446027    0.0279    0.005   280.58     9.69       34
*OO1  0.0448308    0.0313    0.006   188.00     9.94       30
 UPS1 0.0463430    0.0054    0.005   251.79    66.87      1.1
*OQ2  0.0759749    0.0048    0.002   357.93    32.40      3.7
*EPS2 0.0761773    0.0059    0.002    15.91    23.38      5.7
*2N2  0.0774871    0.0206    0.002    72.17     7.10       77
*MU2  0.0776895    0.0243    0.002    54.94     4.85  1.3e+02
*N2   0.0789992    0.1666    0.002   120.23     0.81  6.2e+03
*NU2  0.0792016    0.0334    0.002   127.02     3.90  2.6e+02
 H1   0.0803973    0.0029    0.002   309.20    46.87      1.4
*M2   0.0805114    0.7652    0.002   142.26     0.17  1.3e+05
*H2   0.0806255    0.0105    0.002   193.96    11.65       28
*MKS2 0.0807396    0.0075    0.002   241.11    18.43       11
*LDA2 0.0818212    0.0089    0.002   187.21    13.22       16
*L2   0.0820236    0.0210    0.002   177.80     5.56  1.4e+02
*T2   0.0832193    0.0130    0.002   146.21     8.84       35
*S2   0.0833333    0.1996    0.002   156.57     0.67  9.4e+03
 R2   0.0834474    0.0017    0.001    99.26    61.30      1.3
*K2   0.0835615    0.0481    0.002   160.12     3.12  4.5e+02
 MSN2 0.0848455    0.0026    0.002    38.67    48.81      1.8
*ETA2 0.0850736    0.0043    0.003   175.84    39.14      2.2
*MO3  0.1192421    0.0133    0.002   185.93     8.31       36
*M3   0.1207671    0.0041    0.002    35.26    28.19      5.7
*SO3  0.1220640    0.0146    0.002   203.88     9.05       36
*MK3  0.1222921    0.0279    0.002   229.44     4.71  1.7e+02
*SK3  0.1251141    0.0076    0.002   190.34    17.73       10
*MN4  0.1595106    0.0263    0.004   240.10     7.44       48
*M4   0.1610228    0.0745    0.004   272.20     2.74  3.3e+02
*SN4  0.1623326    0.0068    0.003   211.01    32.03        4
*MS4  0.1638447    0.0351    0.003   287.70     6.73  1.2e+02
*MK4  0.1640729    0.0158    0.004   294.86    15.50       14
 S4   0.1666667    0.0039    0.004   247.69    56.51      1.2
 SK4  0.1668948    0.0037    0.004   257.18    67.59      1.1
*2MK5 0.2028035    0.0103    0.003   244.76    16.97      9.1
 2SK5 0.2084474    0.0020    0.003   137.73    90.73      0.6
*2MN6 0.2400221    0.0099    0.002   250.50    11.88       28
*M6   0.2415342    0.0170    0.002   271.11     6.42       75
*2MS6 0.2443561    0.0162    0.002   287.43     6.95       62
*2MK6 0.2445843    0.0060    0.003   333.20    23.42      5.4
*2SM6 0.2471781    0.0043    0.002   302.24    25.88      3.5
*MSK6 0.2474062    0.0034    0.002   312.91    38.58      2.4
*3MK7 0.2833149    0.0100    0.002   247.41    13.95       18
*M8   0.3220456    0.0083    0.002   266.48    10.08       30
