
file name: PatriciaBay_analysis_filter_31-Dec-2011_02-Jan-2013
date: 23-Apr-2015
nobs = 8833,  ngood = 8308,  record length (days) = 368.04
start time: 31-Dec-2011
rayleigh criterion = 1.0
Greenwich phase computed with nodal corrections applied to amplitude \n and phase relative to center time

x0= 2.32, x trend= 0

var(x)= 0.60309   var(xp)= 0.59148   var(xres)= 0.011748
percent var predicted/var original= 98.1 %

     tidal amplitude and phase with 95% CI estimates

tide   freq       amp     amp_err    pha    pha_err     snr
*SA   0.0001141    0.0467    0.031   356.82    45.22      2.3
 SSA  0.0002282    0.0142    0.029   127.27   118.65     0.25
 MSM  0.0013098    0.0193    0.028   197.54    94.77     0.48
 MM   0.0015122    0.0075    0.023   112.69   184.50     0.11
 MSF  0.0028219    0.0118    0.025   225.99   135.56     0.22
 MF   0.0030501    0.0208    0.030   159.40    88.18     0.47
 ALP1 0.0343966    0.0049    0.004   158.73    53.08      1.4
*2Q1  0.0357064    0.0080    0.004   167.00    35.91      3.9
*SIG1 0.0359087    0.0130    0.004   175.67    20.30       11
*Q1   0.0372185    0.0704    0.004   145.06     3.54    3e+02
*RHO1 0.0374209    0.0120    0.004   133.82    20.24      9.3
*O1   0.0387307    0.4296    0.004   147.42     0.58  9.8e+03
*TAU1 0.0389588    0.0118    0.003   248.01    16.71       12
*BET1 0.0400404    0.0071    0.004   123.78    34.76      3.4
*NO1  0.0402686    0.0264    0.004   184.21     8.63       37
*CHI1 0.0404710    0.0067    0.004   142.35    36.03      2.8
*PI1  0.0414385    0.0164    0.005   166.36    12.35       13
*P1   0.0415526    0.2359    0.004   157.73     0.94  3.9e+03
*S1   0.0416667    0.0464    0.006   112.62     5.87       65
*K1   0.0417807    0.7625    0.004   160.82     0.32  3.7e+04
*PSI1 0.0418948    0.0230    0.004   157.75     9.90       38
*PHI1 0.0420089    0.0132    0.004   182.12    17.08       11
*THE1 0.0430905    0.0069    0.003   155.30    31.13        4
*J1   0.0432929    0.0449    0.004   197.57     5.05    1e+02
*SO1  0.0446027    0.0225    0.004   282.49    11.54       33
*OO1  0.0448308    0.0270    0.006   186.51    11.35       24
 UPS1 0.0463430    0.0060    0.005   247.28    45.12      1.5
*OQ2  0.0759749    0.0041    0.002     5.75    37.15      3.4
*EPS2 0.0761773    0.0058    0.002     1.95    22.97        7
*2N2  0.0774871    0.0186    0.002    65.83     7.99       63
*MU2  0.0776895    0.0216    0.002    36.01     5.72       84
*N2   0.0789992    0.1310    0.002   117.47     0.83  3.8e+03
*NU2  0.0792016    0.0276    0.002   122.77     4.21  1.6e+02
*H1   0.0803973    0.0117    0.002   343.95     9.40       31
*M2   0.0805114    0.6080    0.002   141.13     0.18  7.9e+04
*H2   0.0806255    0.0088    0.002   202.26    15.55       17
*MKS2 0.0807396    0.0076    0.002   287.52    18.29       10
*LDA2 0.0818212    0.0090    0.002   202.98    13.01       19
*L2   0.0820236    0.0190    0.002   177.50     5.72    1e+02
*T2   0.0832193    0.0126    0.002   151.29     8.65       36
*S2   0.0833333    0.1499    0.002   158.13     0.75    5e+03
*R2   0.0834474    0.0024    0.002    96.30    39.02      2.1
*K2   0.0835615    0.0383    0.002   159.37     3.20  2.5e+02
*MSN2 0.0848455    0.0033    0.002    33.14    37.91      2.9
 ETA2 0.0850736    0.0032    0.003   184.42    48.51      1.4
*MO3  0.1192421    0.0140    0.002    13.63     7.88       66
 M3   0.1207671    0.0018    0.002   232.81    58.93      1.1
*SO3  0.1220640    0.0067    0.002    33.75    17.11       12
*MK3  0.1222921    0.0129    0.002    13.88     7.98       59
*SK3  0.1251141    0.0045    0.002    56.81    25.04      6.8
*MN4  0.1595106    0.0059    0.001   353.10    10.92       33
*M4   0.1610228    0.0118    0.001    19.81     4.82  1.3e+02
*SN4  0.1623326    0.0023    0.001     0.93    25.48      6.6
*MS4  0.1638447    0.0085    0.001    25.72     6.67       72
*MK4  0.1640729    0.0016    0.001    27.80    40.72      2.6
*S4   0.1666667    0.0019    0.001    24.37    34.31      2.6
*SK4  0.1668948    0.0017    0.001    70.40    33.11      2.8
*2MK5 0.2028035    0.0059    0.002    99.84    20.94      9.1
 2SK5 0.2084474    0.0014    0.002   339.85    93.09      0.5
*2MN6 0.2400221    0.0012    0.001    47.31    35.77      2.1
*M6   0.2415342    0.0025    0.001    63.36    19.31       11
*2MS6 0.2443561    0.0022    0.001    80.04    23.58      6.6
*2MK6 0.2445843    0.0022    0.001   108.53    24.76      6.3
 2SM6 0.2471781    0.0009    0.001   352.94    54.86      1.4
 MSK6 0.2474062    0.0007    0.001    90.00    78.99     0.62
*3MK7 0.2833149    0.0010    0.001   298.09    44.89        2
*M8   0.3220456    0.0013    0.001   159.27    21.43        6
