
file name: PatriciaBay_analysis_filter_31-Dec-2008_02-Jan-2010
date: 23-Apr-2015
nobs = 8809,  ngood = 8646,  record length (days) = 367.04
start time: 31-Dec-2008
rayleigh criterion = 1.0
Greenwich phase computed with nodal corrections applied to amplitude \n and phase relative to center time

x0= 2.27, x trend= 0

var(x)= 0.70856   var(xp)= 0.69532   var(xres)= 0.013306
percent var predicted/var original= 98.1 %

     tidal amplitude and phase with 95% CI estimates

tide   freq       amp     amp_err    pha    pha_err     snr
*SA   0.0001141    0.0578    0.028   298.01    30.09      4.3
 SSA  0.0002282    0.0171    0.025   191.33   113.57     0.47
 MSM  0.0013098    0.0374    0.029   232.57    47.73      1.6
 MM   0.0015122    0.0289    0.030   152.63    57.32     0.91
 MSF  0.0028219    0.0190    0.024   280.90    81.84     0.61
 MF   0.0030501    0.0285    0.028   138.48    66.62        1
 ALP1 0.0343966    0.0049    0.004   177.42    50.11      1.3
*2Q1  0.0357064    0.0113    0.004   141.09    21.96      7.2
*SIG1 0.0359087    0.0092    0.004   178.20    27.06      4.9
*Q1   0.0372185    0.0745    0.004   145.08     3.67  3.7e+02
*RHO1 0.0374209    0.0216    0.004   149.42    12.14       27
*O1   0.0387307    0.4384    0.005   146.29     0.58  8.5e+03
*TAU1 0.0389588    0.0216    0.006   246.35    14.62       11
 BET1 0.0400404    0.0048    0.005   131.13    49.54      1.1
*NO1  0.0402686    0.0300    0.006   187.30    11.11       28
*CHI1 0.0404710    0.0063    0.004   177.59    33.33      2.1
*PI1  0.0414385    0.0163    0.006   162.93    18.21      8.8
*P1   0.0415526    0.2435    0.005   159.36     1.13  2.7e+03
*S1   0.0416667    0.0386    0.007   122.21    10.68       32
*K1   0.0417807    0.7734    0.004   160.06     0.32  3.1e+04
*PSI1 0.0418948    0.0089    0.005   164.71    30.23      3.4
*PHI1 0.0420089    0.0194    0.004   167.36    13.93       22
 THE1 0.0430905    0.0052    0.004    99.31    46.22      1.8
*J1   0.0432929    0.0339    0.004   183.83     6.27       60
*SO1  0.0446027    0.0214    0.004   281.25    12.27       25
*OO1  0.0448308    0.0304    0.004   199.95     6.37       74
 UPS1 0.0463430    0.0042    0.003   240.04    44.74      1.8
*OQ2  0.0759749    0.0039    0.002    88.25    26.80      6.4
*EPS2 0.0761773    0.0048    0.002    11.73    24.01      5.8
*2N2  0.0774871    0.0202    0.002    90.84     4.85  1.2e+02
*MU2  0.0776895    0.0211    0.002    37.82     5.23  1.1e+02
*N2   0.0789992    0.1314    0.002   116.13     0.88  4.2e+03
*NU2  0.0792016    0.0250    0.002   125.64     4.97  1.4e+02
*H1   0.0803973    0.0049    0.002   332.02    19.49      6.5
*M2   0.0805114    0.6117    0.002   141.47     0.18  7.1e+04
*H2   0.0806255    0.0041    0.002   202.25    27.14      4.5
*MKS2 0.0807396    0.0037    0.002   262.85    27.01      4.6
*LDA2 0.0818212    0.0074    0.002   190.56    15.82       14
*L2   0.0820236    0.0183    0.002   188.65     4.65  1.2e+02
*T2   0.0832193    0.0122    0.002   153.96     8.84       46
*S2   0.0833333    0.1499    0.002   157.90     0.85  5.8e+03
 R2   0.0834474    0.0012    0.001    96.96    69.88     0.76
*K2   0.0835615    0.0400    0.002   162.01     2.15  4.1e+02
 MSN2 0.0848455    0.0028    0.002    48.64    41.21        2
 ETA2 0.0850736    0.0013    0.001   144.60    59.68     0.82
*MO3  0.1192421    0.0143    0.001    13.74     5.39       94
 M3   0.1207671    0.0018    0.001   329.22    52.69      1.5
*SO3  0.1220640    0.0062    0.001    40.01    13.51       18
*MK3  0.1222921    0.0117    0.002    22.71     6.98       52
*SK3  0.1251141    0.0031    0.001    64.18    29.02      4.8
*MN4  0.1595106    0.0057    0.001   348.18     9.11       28
*M4   0.1610228    0.0116    0.001    16.69     4.95  1.1e+02
 SN4  0.1623326    0.0012    0.001    22.62    46.94      1.7
*MS4  0.1638447    0.0070    0.001    14.01     8.40       47
*MK4  0.1640729    0.0024    0.001    68.36    20.68      6.9
*S4   0.1666667    0.0021    0.001    27.80    25.19      4.3
 SK4  0.1668948    0.0010    0.001    89.77    47.73      1.3
*2MK5 0.2028035    0.0040    0.002    94.11    28.08      5.9
 2SK5 0.2084474    0.0011    0.002     6.73   108.95     0.47
 2MN6 0.2400221    0.0005    0.001     4.40    84.80     0.51
*M6   0.2415342    0.0028    0.001    62.33    16.02       13
*2MS6 0.2443561    0.0026    0.001    87.53    15.80       18
*2MK6 0.2445843    0.0022    0.001   126.74    16.31       12
 2SM6 0.2471781    0.0005    0.001    38.06    73.48      0.7
 MSK6 0.2474062    0.0006    0.001   111.33    63.03     0.77
 3MK7 0.2833149    0.0004    0.001    38.33   100.91     0.35
 M8   0.3220456    0.0007    0.001   166.89    50.24      1.3
