
file name: PatriciaBay_analysis_filter_31-Dec-2005_02-Jan-2007
date: 24-Apr-2015
nobs = 8809,  ngood = 8525,  record length (days) = 367.04
start time: 31-Dec-2005
rayleigh criterion = 1.0
Greenwich phase computed with nodal corrections applied to amplitude \n and phase relative to center time

x0= 2.32, x trend= 0

var(x)= 0.74842   var(xp)= 0.73213   var(xres)= 0.016323
percent var predicted/var original= 97.8 %

     tidal amplitude and phase with 95% CI estimates

tide   freq       amp     amp_err    pha    pha_err     snr
*SA   0.0001141    0.0728    0.044    23.62    30.07      2.8
 SSA  0.0002282    0.0172    0.032   216.59   129.99     0.28
 MSM  0.0013098    0.0460    0.044    55.53    51.41      1.1
 MM   0.0015122    0.0049    0.031   120.58   212.84    0.025
 MSF  0.0028219    0.0212    0.030    77.24   106.33     0.51
 MF   0.0030501    0.0156    0.030   217.01   123.01     0.26
 ALP1 0.0343966    0.0042    0.004   140.88    58.41     0.98
*2Q1  0.0357064    0.0136    0.004   161.01    17.95       12
*SIG1 0.0359087    0.0091    0.004   172.64    24.52      4.3
*Q1   0.0372185    0.0754    0.005   143.54     3.32  2.7e+02
*RHO1 0.0374209    0.0166    0.004   128.22    12.51       15
*O1   0.0387307    0.4321    0.005   146.16     0.50  8.8e+03
*TAU1 0.0389588    0.0185    0.007   254.80    20.22      7.5
*BET1 0.0400404    0.0059    0.004   129.45    38.31      2.8
*NO1  0.0402686    0.0363    0.003   150.78     5.16  1.6e+02
 CHI1 0.0404710    0.0041    0.004   147.29    67.83        1
*PI1  0.0414385    0.0177    0.005   156.88    16.78       13
*P1   0.0415526    0.2452    0.005   159.00     1.23  2.1e+03
*S1   0.0416667    0.0482    0.007   136.87     8.14       45
*K1   0.0417807    0.7677    0.004   160.01     0.33  3.5e+04
*PSI1 0.0418948    0.0138    0.005   128.97    17.97      7.6
*PHI1 0.0420089    0.0143    0.005   190.91    21.69        7
*THE1 0.0430905    0.0113    0.004   161.89    20.46      6.9
*J1   0.0432929    0.0442    0.004   177.56     5.14  1.1e+02
*SO1  0.0446027    0.0190    0.004   268.84    13.65       20
*OO1  0.0448308    0.0292    0.003   200.31     5.09  1.2e+02
*UPS1 0.0463430    0.0049    0.003   226.64    32.62      3.7
*OQ2  0.0759749    0.0033    0.002   196.29    32.25      2.6
*EPS2 0.0761773    0.0035    0.002     2.40    33.71      3.2
*2N2  0.0774871    0.0121    0.002   127.74     9.54       39
*MU2  0.0776895    0.0232    0.002    43.53     4.65  1.4e+02
*N2   0.0789992    0.1310    0.002   116.91     0.88  6.2e+03
*NU2  0.0792016    0.0271    0.002   123.50     3.95  2.2e+02
*H1   0.0803973    0.0119    0.002   332.08     9.78       40
*M2   0.0805114    0.6135    0.002   141.11     0.18  1.2e+05
*H2   0.0806255    0.0044    0.002   215.67    25.91      4.1
*MKS2 0.0807396    0.0038    0.002   264.32    23.41      5.4
*LDA2 0.0818212    0.0114    0.002   177.49    10.62       29
*L2   0.0820236    0.0263    0.003   201.54     6.31       73
*T2   0.0832193    0.0122    0.002   159.22     9.38       48
*S2   0.0833333    0.1503    0.002   158.02     0.71  5.6e+03
 R2   0.0834474    0.0018    0.001   164.53    48.66      1.4
*K2   0.0835615    0.0390    0.001   157.90     2.03  6.9e+02
*MSN2 0.0848455    0.0032    0.002    61.17    36.96      2.7
*ETA2 0.0850736    0.0023    0.001   143.15    32.61      3.4
*MO3  0.1192421    0.0128    0.001    15.79     7.40       78
*M3   0.1207671    0.0047    0.002   110.84    22.10        7
*SO3  0.1220640    0.0062    0.001    43.04    13.75       18
*MK3  0.1222921    0.0118    0.002    19.25     6.70       50
*SK3  0.1251141    0.0037    0.002    58.52    24.52      5.1
*MN4  0.1595106    0.0053    0.001   347.21    12.66       18
*M4   0.1610228    0.0127    0.001    18.81     5.82  1.1e+02
*SN4  0.1623326    0.0021    0.001   342.98    34.12      3.8
*MS4  0.1638447    0.0082    0.001    20.19     8.87       43
*MK4  0.1640729    0.0016    0.001    48.29    30.14      2.9
 S4   0.1666667    0.0015    0.001    12.14    38.97      1.8
*SK4  0.1668948    0.0017    0.001    89.60    32.91      3.3
*2MK5 0.2028035    0.0045    0.002    95.57    29.77      5.7
 2SK5 0.2084474    0.0014    0.002   346.18    77.06     0.85
 2MN6 0.2400221    0.0006    0.001    26.09    90.32     0.53
*M6   0.2415342    0.0025    0.001    50.90    17.21        9
*2MS6 0.2443561    0.0025    0.001    93.68    19.55        9
*2MK6 0.2445843    0.0019    0.001   116.29    20.53      6.7
 2SM6 0.2471781    0.0009    0.001    34.93    53.85      1.8
 MSK6 0.2474062    0.0007    0.001   145.69    55.06      1.4
 3MK7 0.2833149    0.0005    0.001   263.42    90.10     0.49
 M8   0.3220456    0.0005    0.001   136.77    63.38     0.94
