
file name: PointAtkinson_analysis_filter_31-Dec-2005_02-Jan-2007
date: 23-Apr-2015
nobs = 8809,  ngood = 8390,  record length (days) = 367.04
start time: 31-Dec-2005
rayleigh criterion = 1.0
Greenwich phase computed with nodal corrections applied to amplitude \n and phase relative to center time

x0= 3.13, x trend= 0

var(x)= 1.1591   var(xp)= 1.1416   var(xres)= 0.017775
percent var predicted/var original= 98.5 %

     tidal amplitude and phase with 95% CI estimates

tide   freq       amp     amp_err    pha    pha_err     snr
*SA   0.0001141    0.0679    0.041    31.82    37.77      2.8
 SSA  0.0002282    0.0285    0.033   204.21    73.44     0.72
 MSM  0.0013098    0.0483    0.036    54.03    50.26      1.8
 MM   0.0015122    0.0004    0.027   258.84   284.72  0.00018
 MSF  0.0028219    0.0246    0.031    73.72    89.47     0.62
 MF   0.0030501    0.0117    0.033   200.64   152.53     0.12
 ALP1 0.0343966    0.0047    0.005   152.47    61.76     0.76
*2Q1  0.0357064    0.0156    0.006   169.43    20.54      7.4
*SIG1 0.0359087    0.0111    0.005   183.66    30.23      4.3
*Q1   0.0372185    0.0826    0.005   148.72     3.85  2.3e+02
*RHO1 0.0374209    0.0206    0.006   135.17    16.74       13
*O1   0.0387307    0.4821    0.006   151.25     0.65  6.9e+03
*TAU1 0.0389588    0.0330    0.008   260.18    13.69       18
 BET1 0.0400404    0.0060    0.005   119.06    48.90      1.3
*NO1  0.0402686    0.0410    0.005   155.77     6.04       74
 CHI1 0.0404710    0.0041    0.005   160.40    79.10     0.62
*PI1  0.0414385    0.0166    0.007   159.96    21.38      5.1
*P1   0.0415526    0.2812    0.007   164.59     1.30  1.8e+03
*S1   0.0416667    0.0565    0.009   126.88     9.53       36
*K1   0.0417807    0.8726    0.006   165.59     0.39    2e+04
*PSI1 0.0418948    0.0155    0.007   126.25    24.58      5.6
*PHI1 0.0420089    0.0200    0.007   184.14    19.34      8.5
*THE1 0.0430905    0.0123    0.006   164.75    26.44      4.7
*J1   0.0432929    0.0515    0.007   187.81     7.09       61
*SO1  0.0446027    0.0257    0.006   273.65    12.46       19
*OO1  0.0448308    0.0347    0.004   205.09     5.64       82
*UPS1 0.0463430    0.0057    0.004   230.62    38.34      2.5
*OQ2  0.0759749    0.0047    0.002   182.28    25.80      5.6
 EPS2 0.0761773    0.0020    0.002   357.95    61.87      1.2
*2N2  0.0774871    0.0225    0.002   139.73     5.69  1.2e+02
*MU2  0.0776895    0.0204    0.002    69.32     6.38  1.2e+02
*N2   0.0789992    0.1962    0.002   135.86     0.61  9.7e+03
*NU2  0.0792016    0.0408    0.002   140.51     2.62  3.4e+02
*H1   0.0803973    0.0082    0.002   322.08    15.82       15
*M2   0.0805114    0.9323    0.002   158.64     0.14    2e+05
*H2   0.0806255    0.0033    0.002   186.32    31.92      3.1
*MKS2 0.0807396    0.0039    0.001   245.19    24.25      6.8
*LDA2 0.0818212    0.0134    0.002   183.31     9.14       47
*L2   0.0820236    0.0362    0.003   198.33     4.52  1.3e+02
*T2   0.0832193    0.0158    0.002   171.63     7.75       58
*S2   0.0833333    0.2365    0.002   179.24     0.46  1.6e+04
 R2   0.0834474    0.0011    0.001   189.76    75.84     0.58
*K2   0.0835615    0.0627    0.002   177.89     1.34  1.4e+03
 MSN2 0.0848455    0.0005    0.002    66.56   164.72     0.11
*ETA2 0.0850736    0.0043    0.001   164.05    18.28      9.5
 MO3  0.1192421    0.0004    0.001   347.56    96.73      0.4
 M3   0.1207671    0.0012    0.001   167.88    47.72      1.3
*SO3  0.1220640    0.0022    0.001   186.25    24.50      5.5
*MK3  0.1222921    0.0070    0.001   178.78     7.66       77
*SK3  0.1251141    0.0025    0.001   213.20    20.07      8.4
*MN4  0.1595106    0.0039    0.001   145.46     7.85       51
*M4   0.1610228    0.0083    0.001   154.48     4.21  1.9e+02
*SN4  0.1623326    0.0007    0.000   181.67    42.08      2.2
*MS4  0.1638447    0.0046    0.001   163.80     6.17       76
*MK4  0.1640729    0.0018    0.000   251.10    13.10       16
*S4   0.1666667    0.0007    0.000   189.82    41.12      2.4
*SK4  0.1668948    0.0006    0.000   204.62    38.94      2.5
*2MK5 0.2028035    0.0055    0.001    78.84    10.18       36
 2SK5 0.2084474    0.0004    0.001    80.49   136.34     0.26
*2MN6 0.2400221    0.0052    0.001    42.15     7.62       45
*M6   0.2415342    0.0095    0.001    65.15     4.44  2.1e+02
*2MS6 0.2443561    0.0077    0.001    88.29     5.08  1.3e+02
*2MK6 0.2445843    0.0016    0.001    91.53    18.01      8.9
*2SM6 0.2471781    0.0020    0.001   105.61    17.84       10
*MSK6 0.2474062    0.0009    0.000   107.84    27.03      3.8
 3MK7 0.2833149    0.0005    0.000   313.05    60.24      1.6
*M8   0.3220456    0.0008    0.000    62.23    35.88      3.5
