
file name: PointAtkinson_analysis_filter_31-Dec-2008_02-Jan-2010
date: 23-Apr-2015
nobs = 8809,  ngood = 8612,  record length (days) = 367.04
start time: 31-Dec-2008
rayleigh criterion = 1.0
Greenwich phase computed with nodal corrections applied to amplitude \n and phase relative to center time

x0= 3.08, x trend= 0

var(x)= 1.0959   var(xp)= 1.081   var(xres)= 0.015017
percent var predicted/var original= 98.6 %

     tidal amplitude and phase with 95% CI estimates

tide   freq       amp     amp_err    pha    pha_err     snr
*SA   0.0001141    0.0499    0.034   284.86    39.36      2.2
 SSA  0.0002282    0.0268    0.034   184.17    84.14     0.63
 MSM  0.0013098    0.0394    0.031   238.32    54.26      1.6
 MM   0.0015122    0.0255    0.030   151.40    81.68      0.7
 MSF  0.0028219    0.0179    0.030   292.35   117.96     0.36
 MF   0.0030501    0.0268    0.030   136.33    82.68     0.78
 ALP1 0.0343966    0.0055    0.006   189.81    62.78     0.95
*2Q1  0.0357064    0.0123    0.005   146.05    21.99      5.4
*SIG1 0.0359087    0.0129    0.006   186.10    24.12      5.1
*Q1   0.0372185    0.0808    0.006   150.87     3.71  1.7e+02
*RHO1 0.0374209    0.0253    0.005   156.01    12.55       23
*O1   0.0387307    0.4844    0.005   151.31     0.68  8.6e+03
*TAU1 0.0389588    0.0339    0.008   247.12    14.92       20
 BET1 0.0400404    0.0062    0.005   126.69    53.81      1.4
*NO1  0.0402686    0.0318    0.008   205.61    13.30       17
 CHI1 0.0404710    0.0073    0.005   190.71    40.61      1.9
*PI1  0.0414385    0.0160    0.005   164.09    20.45      8.9
*P1   0.0415526    0.2758    0.006   165.60     1.16  2.2e+03
*S1   0.0416667    0.0447    0.009   116.74    11.90       26
*K1   0.0417807    0.8727    0.006   165.48     0.38  2.5e+04
*PSI1 0.0418948    0.0109    0.006   165.36    34.17      3.1
*PHI1 0.0420089    0.0230    0.007   172.76    16.68       12
 THE1 0.0430905    0.0052    0.006    61.39    57.89      0.7
*J1   0.0432929    0.0377    0.005   195.55     7.89       68
*SO1  0.0446027    0.0300    0.006   284.86    10.77       28
*OO1  0.0448308    0.0379    0.004   205.83     7.18       77
 UPS1 0.0463430    0.0043    0.004   246.08    56.39      1.2
*OQ2  0.0759749    0.0042    0.002    83.63    23.10      6.5
*EPS2 0.0761773    0.0032    0.002    11.42    37.03      2.9
*2N2  0.0774871    0.0268    0.002   106.93     4.69  2.2e+02
*MU2  0.0776895    0.0177    0.002    64.37     7.12       80
*N2   0.0789992    0.1951    0.002   135.15     0.57  1.2e+04
*NU2  0.0792016    0.0376    0.002   144.16     3.29    3e+02
 H1   0.0803973    0.0029    0.002   282.94    41.25      1.8
*M2   0.0805114    0.9265    0.002   159.03     0.14  1.5e+05
*H2   0.0806255    0.0051    0.002   163.65    22.08      4.7
*MKS2 0.0807396    0.0037    0.002   250.72    27.41      4.5
*LDA2 0.0818212    0.0100    0.002   177.23    11.53       22
*L2   0.0820236    0.0255    0.002   186.44     4.02  2.5e+02
*T2   0.0832193    0.0162    0.002   169.73     7.30       59
*S2   0.0833333    0.2351    0.002   179.71     0.52  1.1e+04
 R2   0.0834474    0.0015    0.002    90.02    79.26     0.79
*K2   0.0835615    0.0640    0.002   179.65     1.56  1.6e+03
 MSN2 0.0848455    0.0025    0.002    18.87    47.54      1.7
*ETA2 0.0850736    0.0025    0.002   184.24    30.67      2.5
 MO3  0.1192421    0.0008    0.001   328.11    55.67      1.4
*M3   0.1207671    0.0029    0.001   145.63    16.31      9.5
*SO3  0.1220640    0.0014    0.001   148.31    28.78      4.1
*MK3  0.1222921    0.0061    0.001   177.25     6.60       63
*SK3  0.1251141    0.0023    0.001   212.02    18.46        8
*MN4  0.1595106    0.0033    0.001   138.98    11.85       35
*M4   0.1610228    0.0082    0.001   159.98     4.26  1.9e+02
*SN4  0.1623326    0.0009    0.001   129.20    38.05      2.2
*MS4  0.1638447    0.0043    0.001   176.69     7.91       54
*MK4  0.1640729    0.0018    0.001   253.40    15.78       10
 S4   0.1666667    0.0001    0.000   167.94   213.58    0.037
 SK4  0.1668948    0.0005    0.000   180.60    57.34        1
*2MK5 0.2028035    0.0051    0.001    78.53    13.03       22
 2SK5 0.2084474    0.0002    0.001   111.76   181.61     0.12
*2MN6 0.2400221    0.0048    0.001    45.44     8.40       47
*M6   0.2415342    0.0092    0.001    67.68     4.00  1.7e+02
*2MS6 0.2443561    0.0083    0.001    94.70     4.86  1.2e+02
*2MK6 0.2445843    0.0017    0.001    89.98    18.76      8.9
*2SM6 0.2471781    0.0017    0.001   117.19    23.53      5.1
*MSK6 0.2474062    0.0008    0.001    93.87    41.08      2.3
 3MK7 0.2833149    0.0007    0.001   347.99    46.75      1.9
*M8   0.3220456    0.0006    0.000    79.18    38.23      2.6
