
file name: PointAtkinson_analysis_filter_31-Dec-2011_02-Jan-2013
date: 24-Apr-2015
nobs = 8833,  ngood = 8276,  record length (days) = 368.04
start time: 31-Dec-2011
rayleigh criterion = 1.0
Greenwich phase computed with nodal corrections applied to amplitude \n and phase relative to center time

x0= 3.13, x trend= 0

var(x)= 0.98542   var(xp)= 0.97167   var(xres)= 0.013588
percent var predicted/var original= 98.6 %

     tidal amplitude and phase with 95% CI estimates

tide   freq       amp     amp_err    pha    pha_err     snr
 SA   0.0001141    0.0259    0.036    11.17    80.57     0.51
 SSA  0.0002282    0.0265    0.031   168.35    78.09     0.74
 MSM  0.0013098    0.0160    0.030   208.20   117.31     0.28
 MM   0.0015122    0.0080    0.024    57.78   186.29     0.11
 MSF  0.0028219    0.0109    0.027   245.30   156.87     0.16
 MF   0.0030501    0.0222    0.031   164.14    88.85     0.51
 ALP1 0.0343966    0.0051    0.005   166.51    63.20      1.1
*2Q1  0.0357064    0.0090    0.006   167.56    36.15      2.6
*SIG1 0.0359087    0.0142    0.005   188.34    19.73      7.6
*Q1   0.0372185    0.0764    0.005   149.79     3.96  2.2e+02
*RHO1 0.0374209    0.0085    0.004   157.53    33.60      3.9
*O1   0.0387307    0.4775    0.005   152.48     0.64    1e+04
*TAU1 0.0389588    0.0186    0.004   244.39    12.00       18
 BET1 0.0400404    0.0074    0.006   107.66    42.06      1.7
*NO1  0.0402686    0.0334    0.005   195.54     8.54       40
*CHI1 0.0404710    0.0071    0.005   159.22    44.48      2.3
*PI1  0.0414385    0.0156    0.004   175.45    21.13       13
*P1   0.0415526    0.2690    0.005   163.39     1.04    3e+03
*S1   0.0416667    0.0560    0.007   104.08     7.03       68
*K1   0.0417807    0.8646    0.005   166.59     0.34  2.5e+04
*PSI1 0.0418948    0.0262    0.005   153.67    11.31       27
*PHI1 0.0420089    0.0182    0.004   177.86    15.35       17
*THE1 0.0430905    0.0079    0.005   197.47    36.17      2.2
*J1   0.0432929    0.0515    0.005   204.58     6.43  1.1e+02
*SO1  0.0446027    0.0307    0.005   281.89     8.82       38
*OO1  0.0448308    0.0346    0.007   185.23    10.09       23
 UPS1 0.0463430    0.0053    0.006   252.95    72.68     0.74
*OQ2  0.0759749    0.0035    0.002   340.15    41.03      2.1
 EPS2 0.0761773    0.0030    0.002    15.79    41.15      1.5
*2N2  0.0774871    0.0225    0.002    90.73     6.28  1.1e+02
*MU2  0.0776895    0.0186    0.002    64.96     6.52       93
*N2   0.0789992    0.1948    0.002   136.82     0.56  8.7e+03
*NU2  0.0792016    0.0382    0.002   141.82     3.29    3e+02
*H1   0.0803973    0.0052    0.002   321.31    24.06        6
*M2   0.0805114    0.9207    0.002   158.96     0.14  2.6e+05
*H2   0.0806255    0.0112    0.002   169.63    10.15       36
*MKS2 0.0807396    0.0069    0.002   264.40    19.33       11
*LDA2 0.0818212    0.0114    0.002   193.77     9.85       41
*L2   0.0820236    0.0259    0.002   183.83     4.13  2.8e+02
*T2   0.0832193    0.0151    0.002   170.06     8.43       56
*S2   0.0833333    0.2348    0.002   179.74     0.45  1.6e+04
*R2   0.0834474    0.0023    0.001    65.12    41.79      2.4
*K2   0.0835615    0.0616    0.002   179.82     2.14  9.2e+02
*MSN2 0.0848455    0.0039    0.002    39.31    31.75      3.5
*ETA2 0.0850736    0.0048    0.002   187.91    27.89      3.7
 MO3  0.1192421    0.0008    0.001   303.01    73.33     0.86
*M3   0.1207671    0.0026    0.001    37.34    19.20      7.7
*SO3  0.1220640    0.0015    0.001   187.90    40.62        3
*MK3  0.1222921    0.0062    0.001   178.10     7.86       59
*SK3  0.1251141    0.0027    0.001   211.47    17.42      7.5
*MN4  0.1595106    0.0032    0.001   149.04    10.44       25
*M4   0.1610228    0.0075    0.001   167.69     4.91  1.8e+02
 SN4  0.1623326    0.0004    0.001   149.80    76.69     0.67
*MS4  0.1638447    0.0037    0.001   166.75     9.61       36
*MK4  0.1640729    0.0019    0.001   257.51    20.03      7.6
 S4   0.1666667    0.0008    0.001   180.05    40.46      1.7
 SK4  0.1668948    0.0001    0.000   312.70   265.53    0.035
*2MK5 0.2028035    0.0050    0.001    83.72    10.72       24
 2SK5 0.2084474    0.0001    0.001   330.61   226.49    0.026
*2MN6 0.2400221    0.0046    0.001    48.30     8.49       43
*M6   0.2415342    0.0083    0.001    64.64     4.82  1.4e+02
*2MS6 0.2443561    0.0076    0.001    93.12     5.22  1.2e+02
*2MK6 0.2445843    0.0017    0.001   100.34    25.41      5.2
*2SM6 0.2471781    0.0019    0.001   116.55    20.49      6.6
 MSK6 0.2474062    0.0007    0.001   130.57    64.90      1.1
 3MK7 0.2833149    0.0005    0.000   326.32    59.16      1.3
*M8   0.3220456    0.0012    0.000    77.69    17.14       11
