
file name: Victoria_analysis_filter_31-Dec-2005_02-Jan-2007
date: 23-Apr-2015
nobs = 8809,  ngood = 8386,  record length (days) = 367.04
start time: 31-Dec-2005
rayleigh criterion = 1.0
Greenwich phase computed with nodal corrections applied to amplitude \n and phase relative to center time

x0= 1.92, x trend= 0

var(x)= 0.4767   var(xp)= 0.46101   var(xres)= 0.015873
percent var predicted/var original= 96.7 %

     tidal amplitude and phase with 95% CI estimates

tide   freq       amp     amp_err    pha    pha_err     snr
*SA   0.0001141    0.0899    0.038    19.94    26.08      5.5
 SSA  0.0002282    0.0154    0.034   197.19   137.29      0.2
 MSM  0.0013098    0.0466    0.035    57.36    53.36      1.7
 MM   0.0015122    0.0058    0.028   152.12   217.94    0.044
 MSF  0.0028219    0.0209    0.034    81.29   100.41     0.37
 MF   0.0030501    0.0177    0.034   227.01   122.57     0.27
 ALP1 0.0343966    0.0031    0.003   117.90    48.70      1.4
*2Q1  0.0357064    0.0106    0.003   150.83    15.84       14
*SIG1 0.0359087    0.0059    0.003   145.46    26.20      4.5
*Q1   0.0372185    0.0666    0.003   132.12     2.59  5.7e+02
*RHO1 0.0374209    0.0142    0.003   123.57    10.76       23
*O1   0.0387307    0.3764    0.003   136.03     0.45  1.9e+04
*TAU1 0.0389588    0.0072    0.004   245.31    30.59      3.3
*BET1 0.0400404    0.0052    0.002   140.69    29.99      4.9
*NO1  0.0402686    0.0310    0.002   136.17     4.31  2.2e+02
 CHI1 0.0404710    0.0041    0.003   130.15    46.62      1.9
*PI1  0.0414385    0.0145    0.003   152.28    12.53       18
*P1   0.0415526    0.2038    0.004   146.87     0.99  3.4e+03
*S1   0.0416667    0.0358    0.005   139.13     7.91       55
*K1   0.0417807    0.6419    0.003   148.86     0.26  4.7e+04
*PSI1 0.0418948    0.0052    0.003   160.89    33.10      2.6
*PHI1 0.0420089    0.0101    0.003   163.72    18.85      9.3
*THE1 0.0430905    0.0091    0.003   152.63    19.18      9.7
*J1   0.0432929    0.0376    0.003   160.71     4.76  1.3e+02
*SO1  0.0446027    0.0089    0.003   249.90    17.86      9.9
*OO1  0.0448308    0.0230    0.002   183.26     4.34  1.8e+02
*UPS1 0.0463430    0.0038    0.002   195.60    25.44      3.8
 OQ2  0.0759749    0.0027    0.003   196.62    54.69      1.1
*EPS2 0.0761773    0.0064    0.003   350.99    22.33      6.2
*2N2  0.0774871    0.0041    0.003    40.84    34.05      2.6
*MU2  0.0776895    0.0264    0.003    23.71     4.85  1.1e+02
*N2   0.0789992    0.0886    0.003    62.06     1.60  1.1e+03
*NU2  0.0792016    0.0164    0.002    70.93     8.54       48
*H1   0.0803973    0.0145    0.003    16.15     9.79       30
*M2   0.0805114    0.3766    0.002    85.08     0.43  2.5e+04
*H2   0.0806255    0.0127    0.003   253.73    11.21       25
*MKS2 0.0807396    0.0039    0.002   318.75    29.93      3.7
*LDA2 0.0818212    0.0103    0.002   173.98    14.98       19
*L2   0.0820236    0.0122    0.004   220.64    18.26      9.4
*T2   0.0832193    0.0059    0.002   125.99    24.99      6.9
*S2   0.0833333    0.1076    0.002    93.76     1.23  2.1e+03
*R2   0.0834474    0.0029    0.002    92.95    38.85      2.6
*K2   0.0835615    0.0195    0.002    95.33     5.64  1.3e+02
*MSN2 0.0848455    0.0045    0.003    71.60    29.07      3.1
 ETA2 0.0850736    0.0018    0.002    95.78    51.39        1
*MO3  0.1192421    0.0207    0.002    39.72     5.40    1e+02
*M3   0.1207671    0.0059    0.003   102.09    23.33      5.5
*SO3  0.1220640    0.0129    0.002    45.14     8.35       47
*MK3  0.1222921    0.0217    0.002    25.20     6.56  1.1e+02
*SK3  0.1251141    0.0091    0.002    60.75    12.00       18
*MN4  0.1595106    0.0093    0.001   320.16     7.60       51
*M4   0.1610228    0.0180    0.001   352.27     4.27  1.7e+02
*SN4  0.1623326    0.0030    0.001   339.14    23.26      5.1
*MS4  0.1638447    0.0100    0.001     0.10     6.56       77
*MK4  0.1640729    0.0052    0.001    21.20    10.53       40
*S4   0.1666667    0.0027    0.001   345.84    26.01      5.3
*SK4  0.1668948    0.0021    0.001    76.46    20.35      4.4
*2MK5 0.2028035    0.0110    0.002   201.12    10.60       27
 2SK5 0.2084474    0.0009    0.002   274.88   110.35     0.25
*2MN6 0.2400221    0.0081    0.001   196.39     7.56       67
*M6   0.2415342    0.0152    0.001   227.13     4.23  1.8e+02
*2MS6 0.2443561    0.0121    0.001   250.31     5.16  1.2e+02
*2MK6 0.2445843    0.0040    0.001   229.52    12.04       23
*2SM6 0.2471781    0.0027    0.001   275.76    19.92      8.1
*MSK6 0.2474062    0.0019    0.001   254.52    20.24      5.7
 3MK7 0.2833149    0.0008    0.001     4.75    39.57      1.8
*M8   0.3220456    0.0009    0.000   263.14    33.93      3.4
