
file name: Victoria_analysis_filter_31-Dec-2011_02-Jan-2013
date: 24-Apr-2015
nobs = 8833,  ngood = 8205,  record length (days) = 368.04
start time: 31-Dec-2011
rayleigh criterion = 1.0
Greenwich phase computed with nodal corrections applied to amplitude \n and phase relative to center time

x0= 1.92, x trend= 0

var(x)= 0.36516   var(xp)= 0.35388   var(xres)= 0.011408
percent var predicted/var original= 96.9 %

     tidal amplitude and phase with 95% CI estimates

tide   freq       amp     amp_err    pha    pha_err     snr
*SA   0.0001141    0.0575    0.037     2.83    33.75      2.4
 SSA  0.0002282    0.0178    0.029   112.70   114.66     0.37
 MSM  0.0013098    0.0197    0.032   195.26   105.85     0.37
 MM   0.0015122    0.0064    0.023   137.39   201.84    0.079
 MSF  0.0028219    0.0125    0.027   225.74   146.15     0.21
 MF   0.0030501    0.0202    0.031   170.02   100.37     0.43
*ALP1 0.0343966    0.0050    0.003   116.01    36.52      2.4
*2Q1  0.0357064    0.0068    0.003   156.63    27.57      4.3
*SIG1 0.0359087    0.0081    0.003   164.55    24.78      7.3
*Q1   0.0372185    0.0630    0.003   132.15     2.75  4.2e+02
*RHO1 0.0374209    0.0131    0.003   126.46    13.48       17
*O1   0.0387307    0.3728    0.003   136.69     0.45  1.6e+04
*TAU1 0.0389588    0.0049    0.002   235.22    26.71        4
*BET1 0.0400404    0.0071    0.003   141.83    21.86      5.7
*NO1  0.0402686    0.0184    0.003   167.95     9.76       40
*CHI1 0.0404710    0.0058    0.003   131.42    32.38      3.9
*PI1  0.0414385    0.0128    0.002   166.51    13.15       27
*P1   0.0415526    0.1960    0.002   145.63     0.81  6.2e+03
*S1   0.0416667    0.0336    0.004   117.26     7.29       56
*K1   0.0417807    0.6362    0.003   149.34     0.27  4.9e+04
*PSI1 0.0418948    0.0158    0.003   165.65    11.02       31
*PHI1 0.0420089    0.0084    0.003   163.37    17.91      9.2
*THE1 0.0430905    0.0050    0.003   143.36    33.27      2.7
*J1   0.0432929    0.0371    0.003   176.52     4.45  1.6e+02
*SO1  0.0446027    0.0101    0.003   271.97    16.96       11
*OO1  0.0448308    0.0243    0.004   169.76     9.63       30
 UPS1 0.0463430    0.0039    0.004   220.60    60.06      1.1
 OQ2  0.0759749    0.0037    0.003    27.40    45.79      1.8
*EPS2 0.0761773    0.0062    0.002   348.30    25.05        9
*2N2  0.0774871    0.0185    0.003    25.22     8.14       42
*MU2  0.0776895    0.0265    0.003    13.29     5.26    1e+02
*N2   0.0789992    0.0882    0.002    62.62     1.46  1.4e+03
*NU2  0.0792016    0.0158    0.002    67.17     8.26       47
*H1   0.0803973    0.0176    0.002    12.26     7.47       54
*M2   0.0805114    0.3722    0.002    84.81     0.39  2.8e+04
*H2   0.0806255    0.0123    0.002   259.18    11.14       28
*MKS2 0.0807396    0.0073    0.003   315.63    19.49        8
*LDA2 0.0818212    0.0046    0.002   222.81    32.12      4.3
*L2   0.0820236    0.0092    0.002   166.70    12.79       21
*T2   0.0832193    0.0062    0.002   121.65    19.45      6.3
*S2   0.0833333    0.1052    0.002    92.93     1.38  2.6e+03
*R2   0.0834474    0.0034    0.002    85.67    30.56      3.7
*K2   0.0835615    0.0209    0.002    99.22     6.88       81
 MSN2 0.0848455    0.0030    0.002    37.64    45.12      1.8
 ETA2 0.0850736    0.0006    0.002   135.26   192.10     0.11
*MO3  0.1192421    0.0225    0.002    36.03     5.90       84
*M3   0.1207671    0.0053    0.002   213.13    20.53      5.3
*SO3  0.1220640    0.0130    0.002    35.43    12.56       36
*MK3  0.1222921    0.0210    0.003    23.86     6.52       69
*SK3  0.1251141    0.0106    0.002    63.13    15.33       28
*MN4  0.1595106    0.0091    0.001   331.61     7.25       54
*M4   0.1610228    0.0175    0.001   355.34     3.69  1.4e+02
*SN4  0.1623326    0.0027    0.001   333.41    26.63      5.8
*MS4  0.1638447    0.0105    0.001     7.86     5.64       88
*MK4  0.1640729    0.0049    0.001    24.38    16.80       15
*S4   0.1666667    0.0020    0.001   355.21    38.72        3
*SK4  0.1668948    0.0030    0.001    62.56    27.93      4.9
*2MK5 0.2028035    0.0112    0.002   195.05     9.38       29
 2SK5 0.2084474    0.0012    0.002   299.20    79.88     0.46
*2MN6 0.2400221    0.0082    0.001   201.81     7.69       46
*M6   0.2415342    0.0147    0.001   222.88     5.12  1.9e+02
*2MS6 0.2443561    0.0119    0.001   249.99     5.38  1.1e+02
*2MK6 0.2445843    0.0040    0.001   230.02    18.36       10
*2SM6 0.2471781    0.0031    0.001   273.27    22.18      7.8
 MSK6 0.2474062    0.0015    0.001   245.54    45.46      1.5
 3MK7 0.2833149    0.0005    0.001   337.65    64.57     0.97
*M8   0.3220456    0.0006    0.000   294.79    35.33      2.3
