
file name: Victoria_analysis_filter_31-Dec-2008_02-Jan-2010
date: 24-Apr-2015
nobs = 8809,  ngood = 8594,  record length (days) = 367.04
start time: 31-Dec-2008
rayleigh criterion = 1.0
Greenwich phase computed with nodal corrections applied to amplitude \n and phase relative to center time

x0= 1.9, x trend= 0

var(x)= 0.4383   var(xp)= 0.42585   var(xres)= 0.012725
percent var predicted/var original= 97.2 %

     tidal amplitude and phase with 95% CI estimates

tide   freq       amp     amp_err    pha    pha_err     snr
*SA   0.0001141    0.0555    0.034   322.00    29.13      2.7
 SSA  0.0002282    0.0216    0.029   158.49    90.27     0.57
 MSM  0.0013098    0.0357    0.031   227.62    47.50      1.3
 MM   0.0015122    0.0316    0.033   158.54    60.10     0.91
 MSF  0.0028219    0.0204    0.025   271.94    83.45     0.67
 MF   0.0030501    0.0263    0.028   141.34    72.13     0.91
*ALP1 0.0343966    0.0043    0.003   162.64    37.61      2.3
*2Q1  0.0357064    0.0099    0.003   137.43    16.68       11
*SIG1 0.0359087    0.0069    0.003   148.62    24.38      5.3
*Q1   0.0372185    0.0641    0.003   132.86     2.72  4.6e+02
*RHO1 0.0374209    0.0181    0.003   138.98     8.96       36
*O1   0.0387307    0.3790    0.003   135.90     0.44  1.6e+04
*TAU1 0.0389588    0.0110    0.004   240.37    20.78        7
*BET1 0.0400404    0.0039    0.003   121.68    44.60      2.5
*NO1  0.0402686    0.0269    0.004   165.44     8.50       43
*CHI1 0.0404710    0.0053    0.003   181.12    36.41      3.6
*PI1  0.0414385    0.0123    0.003   153.70    18.36       13
*P1   0.0415526    0.2022    0.004   147.01     0.90  3.2e+03
*S1   0.0416667    0.0302    0.004   124.22     7.92       48
*K1   0.0417807    0.6435    0.003   148.82     0.29  3.4e+04
*PSI1 0.0418948    0.0054    0.003   185.52    39.07      2.8
*PHI1 0.0420089    0.0157    0.004   154.95    13.31       17
*THE1 0.0430905    0.0059    0.003   116.83    30.71      4.1
*J1   0.0432929    0.0305    0.003   164.17     5.41  1.1e+02
*SO1  0.0446027    0.0098    0.003   273.24    18.65      9.9
*OO1  0.0448308    0.0244    0.002   183.17     6.15       96
 UPS1 0.0463430    0.0030    0.002   212.52    48.16      1.7
 OQ2  0.0759749    0.0021    0.002    79.87    47.05      1.5
*EPS2 0.0761773    0.0056    0.002     8.43    22.47      7.3
*2N2  0.0774871    0.0124    0.002    56.14     8.75       43
*MU2  0.0776895    0.0245    0.002    16.95     4.85  1.3e+02
*N2   0.0789992    0.0894    0.002    59.82     1.42  1.7e+03
*NU2  0.0792016    0.0144    0.002    63.57     8.27       41
*H1   0.0803973    0.0089    0.002    16.31    12.74       18
*M2   0.0805114    0.3727    0.002    85.47     0.30  2.7e+04
*H2   0.0806255    0.0095    0.002   264.33    10.94       25
*MKS2 0.0807396    0.0043    0.002   307.12    26.67      6.2
*LDA2 0.0818212    0.0044    0.002   215.61    25.63      3.7
*L2   0.0820236    0.0066    0.002   190.78    15.69       14
*T2   0.0832193    0.0062    0.002   116.76    18.29      9.9
*S2   0.0833333    0.1050    0.002    93.05     1.17  2.8e+03
 R2   0.0834474    0.0027    0.002    66.84    40.56      1.8
*K2   0.0835615    0.0192    0.002   101.31     5.45  1.3e+02
*MSN2 0.0848455    0.0036    0.002    66.33    32.91      2.6
 ETA2 0.0850736    0.0011    0.001   107.48    66.25     0.73
*MO3  0.1192421    0.0208    0.002    32.95     6.08  1.5e+02
*M3   0.1207671    0.0083    0.003   335.61    17.35       10
*SO3  0.1220640    0.0118    0.002    39.06    11.94       32
*MK3  0.1222921    0.0214    0.002    22.77     6.22       83
*SK3  0.1251141    0.0084    0.002    59.54    17.11       14
*MN4  0.1595106    0.0088    0.001   325.26     8.37       42
*M4   0.1610228    0.0178    0.001   352.46     4.49  1.5e+02
*SN4  0.1623326    0.0018    0.001   338.78    41.89      2.1
*MS4  0.1638447    0.0100    0.001     0.96     7.95       45
*MK4  0.1640729    0.0050    0.001    24.44    14.22       16
*S4   0.1666667    0.0024    0.001     5.00    30.98        4
*SK4  0.1668948    0.0020    0.001    76.11    33.94      4.1
*2MK5 0.2028035    0.0108    0.002   199.04    11.02       26
 2SK5 0.2084474    0.0006    0.001   319.72   147.04     0.17
*2MN6 0.2400221    0.0083    0.001   196.13     6.90       67
*M6   0.2415342    0.0153    0.001   225.58     4.49  1.8e+02
*2MS6 0.2443561    0.0122    0.001   251.20     5.86  1.7e+02
*2MK6 0.2445843    0.0036    0.001   228.31    13.36       21
*2SM6 0.2471781    0.0029    0.001   282.88    22.52      8.3
*MSK6 0.2474062    0.0021    0.001   250.66    22.62      5.8
 3MK7 0.2833149    0.0005    0.001   354.77    83.38     0.63
 M8   0.3220456    0.0005    0.000   307.83    61.59      1.2
