
file name: NeahBay_analysis_filter_31-Dec-2011_02-Jan-2013
date: 05-May-2015
nobs = 8833,  ngood = 7930,  record length (days) = 368.04
start time: 31-Dec-2011
rayleigh criterion = 1.0
Greenwich phase computed with nodal corrections applied to amplitude \n and phase relative to center time

x0= -0.0448, x trend= 0

var(x)= 0.5447   var(xp)= 0.53202   var(xres)= 0.012912
percent var predicted/var original= 97.7 %

     tidal amplitude and phase with 95% CI estimates

tide   freq       amp     amp_err    pha    pha_err     snr
*SA   0.0001141    0.0993    0.044    13.42    26.96        5
 SSA  0.0002282    0.0435    0.040   110.49    54.60      1.2
 MSM  0.0013098    0.0234    0.032   196.98    97.84     0.52
 MM   0.0015122    0.0056    0.031   165.01   239.22    0.034
 MSF  0.0028219    0.0103    0.029   230.63   176.43     0.13
 MF   0.0030501    0.0194    0.032   182.96   123.99     0.37
 ALP1 0.0343966    0.0021    0.002    99.56    55.87      1.4
*2Q1  0.0357064    0.0073    0.002   109.44    19.07       10
*SIG1 0.0359087    0.0072    0.002   119.33    15.63      9.6
*Q1   0.0372185    0.0557    0.002   117.51     2.08  7.8e+02
*RHO1 0.0374209    0.0101    0.002   128.04    10.87       23
*O1   0.0387307    0.3037    0.002   120.47     0.39  1.6e+04
*TAU1 0.0389588    0.0029    0.002   161.86    36.53      2.7
 BET1 0.0400404    0.0027    0.002   138.03    47.28      1.8
*NO1  0.0402686    0.0151    0.002   131.89     7.23       63
 CHI1 0.0404710    0.0028    0.002   119.80    42.37        2
*PI1  0.0414385    0.0049    0.002   148.85    24.80      5.1
*P1   0.0415526    0.1514    0.002   124.02     0.74  5.9e+03
*S1   0.0416667    0.0249    0.003    92.07     6.70       81
*K1   0.0417807    0.4899    0.002   128.36     0.22  4.5e+04
*PSI1 0.0418948    0.0072    0.002   162.39    15.35       14
*PHI1 0.0420089    0.0052    0.002   130.22    24.90      7.6
*THE1 0.0430905    0.0049    0.002   104.51    24.63      4.9
*J1   0.0432929    0.0318    0.002   143.63     4.33  1.8e+02
*SO1  0.0446027    0.0076    0.002   163.76    15.38       14
*OO1  0.0448308    0.0175    0.003   149.12     8.07       47
*UPS1 0.0463430    0.0035    0.002   182.00    42.26        2
*OQ2  0.0759749    0.0037    0.002   310.29    32.21      3.2
*EPS2 0.0761773    0.0047    0.002   325.55    24.24      7.9
*2N2  0.0774871    0.0227    0.002   331.83     4.86  1.6e+02
*MU2  0.0776895    0.0218    0.002   337.95     4.33  1.8e+02
*N2   0.0789992    0.1665    0.002   355.62     0.58  8.6e+03
*NU2  0.0792016    0.0323    0.002   358.25     2.79  4.1e+02
*H1   0.0803973    0.0071    0.002    13.37    14.11       15
*M2   0.0805114    0.7852    0.002    14.37     0.12  2.1e+05
*H2   0.0806255    0.0061    0.002   287.08    17.59       17
*MKS2 0.0807396    0.0036    0.002   341.28    29.03      4.5
 LDA2 0.0818212    0.0022    0.002    24.50    46.06      1.6
*L2   0.0820236    0.0130    0.002    35.15     5.97       69
*T2   0.0832193    0.0126    0.002    23.51     8.59       52
*S2   0.0833333    0.2298    0.002    32.83     0.42  1.6e+04
 R2   0.0834474    0.0005    0.001    44.47   135.83      0.3
*K2   0.0835615    0.0569    0.002    24.49     1.89  9.3e+02
 MSN2 0.0848455    0.0004    0.001    88.14   215.38     0.14
*ETA2 0.0850736    0.0054    0.002    14.34    26.61      5.7
*MO3  0.1192421    0.0102    0.002   333.93    11.28       29
*M3   0.1207671    0.0036    0.002   160.12    26.85      3.9
*SO3  0.1220640    0.0092    0.002   326.15    12.60       23
*MK3  0.1222921    0.0160    0.002   331.44     6.89       95
*SK3  0.1251141    0.0062    0.002    26.84    16.64       10
*MN4  0.1595106    0.0057    0.001   290.57    10.27       44
*M4   0.1610228    0.0107    0.001   320.04     5.11  1.1e+02
*SN4  0.1623326    0.0027    0.001   285.03    18.90      7.9
*MS4  0.1638447    0.0070    0.001   323.26     8.14       57
*MK4  0.1640729    0.0023    0.001    24.68    25.18        5
 S4   0.1666667    0.0011    0.001   317.61    52.70      1.4
*SK4  0.1668948    0.0017    0.001    45.27    30.92      2.4
*2MK5 0.2028035    0.0054    0.001   189.06    12.99       17
 2SK5 0.2084474    0.0009    0.001   229.22    77.60     0.59
*2MN6 0.2400221    0.0035    0.001   186.25    13.20       21
*M6   0.2415342    0.0069    0.001   202.53     5.60       78
*2MS6 0.2443561    0.0053    0.001   244.61     9.12       48
*2MK6 0.2445843    0.0021    0.001   193.34    24.62      5.4
 2SM6 0.2471781    0.0009    0.001   240.69    48.55      1.2
 MSK6 0.2474062    0.0010    0.001   222.52    52.10      1.6
 3MK7 0.2833149    0.0006    0.001     7.19    71.64        1
*M8   0.3220456    0.0007    0.000   323.10    38.42      2.1
