
file name: NeahBay_analysis_filter_31-Dec-2008_02-Jan-2010
date: 05-May-2015
nobs = 8809,  ngood = 8409,  record length (days) = 367.04
start time: 31-Dec-2008
rayleigh criterion = 1.0
Greenwich phase computed with nodal corrections applied to amplitude \n and phase relative to center time

x0= -0.0775, x trend= 0

var(x)= 0.56542   var(xp)= 0.55282   var(xres)= 0.013118
percent var predicted/var original= 97.8 %

     tidal amplitude and phase with 95% CI estimates

tide   freq       amp     amp_err    pha    pha_err     snr
*SA   0.0001141    0.0874    0.031   335.27    24.31      7.9
 SSA  0.0002282    0.0127    0.026   137.99   127.95     0.24
*MSM  0.0013098    0.0458    0.032   239.48    45.98      2.1
 MM   0.0015122    0.0410    0.035   158.87    52.95      1.4
 MSF  0.0028219    0.0183    0.030   271.27    94.57     0.36
 MF   0.0030501    0.0180    0.031   155.04   105.06     0.34
 ALP1 0.0343966    0.0024    0.002   132.48    52.73      1.3
*2Q1  0.0357064    0.0088    0.002   125.14    14.35       16
*SIG1 0.0359087    0.0072    0.002   112.64    16.73       10
*Q1   0.0372185    0.0546    0.002   115.99     2.40  5.6e+02
*RHO1 0.0374209    0.0125    0.002   115.40    10.20       27
*O1   0.0387307    0.3065    0.002   119.56     0.40  1.7e+04
*TAU1 0.0389588    0.0063    0.003   203.83    29.11        4
 BET1 0.0400404    0.0015    0.002    53.01    78.89      0.5
*NO1  0.0402686    0.0251    0.003   143.69     7.86       55
 CHI1 0.0404710    0.0027    0.002   188.03    51.57      1.3
*PI1  0.0414385    0.0103    0.003   128.22    15.39       13
*P1   0.0415526    0.1587    0.003   125.58     0.95    4e+03
*S1   0.0416667    0.0277    0.004   108.03     8.41       47
*K1   0.0417807    0.4968    0.002   128.09     0.29  4.1e+04
*PSI1 0.0418948    0.0052    0.002   218.52    28.18      4.6
*PHI1 0.0420089    0.0114    0.003   129.23    12.76       14
*THE1 0.0430905    0.0059    0.002   138.58    24.56      6.7
*J1   0.0432929    0.0260    0.002   141.05     5.15  1.9e+02
*SO1  0.0446027    0.0051    0.002   178.02    26.61      4.8
*OO1  0.0448308    0.0156    0.002   156.87     8.15       68
 UPS1 0.0463430    0.0020    0.002   177.88    58.75      1.3
*OQ2  0.0759749    0.0019    0.001   338.70    32.64        3
*EPS2 0.0761773    0.0049    0.001   335.26    14.65       15
*2N2  0.0774871    0.0183    0.001   331.86     3.30  2.1e+02
*MU2  0.0776895    0.0222    0.001   338.77     3.33    3e+02
*N2   0.0789992    0.1679    0.002   353.87     0.46  1.1e+04
*NU2  0.0792016    0.0325    0.001   358.94     2.22  7.5e+02
*H1   0.0803973    0.0046    0.001    31.80    16.60       12
*M2   0.0805114    0.7833    0.001    14.33     0.09  2.9e+05
*H2   0.0806255    0.0083    0.001   273.19     9.53       36
 MKS2 0.0807396    0.0011    0.001   324.15    64.74      1.2
*LDA2 0.0818212    0.0038    0.001     6.55    21.25        7
*L2   0.0820236    0.0139    0.001    25.27     4.60  1.6e+02
*T2   0.0832193    0.0133    0.001    26.85     5.66  1.2e+02
*S2   0.0833333    0.2289    0.001    32.70     0.37  2.4e+04
 R2   0.0834474    0.0013    0.001    24.61    51.48      1.5
*K2   0.0835615    0.0568    0.001    25.78     1.18  2.1e+03
*MSN2 0.0848455    0.0021    0.001   121.11    38.01      2.6
*ETA2 0.0850736    0.0026    0.001    47.97    20.23      9.7
*MO3  0.1192421    0.0100    0.002   334.30     7.82       39
*M3   0.1207671    0.0058    0.002   281.15    15.46       12
*SO3  0.1220640    0.0065    0.002   336.84    13.81       17
*MK3  0.1222921    0.0160    0.002   333.82     5.52       97
*SK3  0.1251141    0.0060    0.001    22.93    14.84       17
*MN4  0.1595106    0.0057    0.001   286.30    11.36       23
*M4   0.1610228    0.0107    0.001   315.05     5.67       95
 SN4  0.1623326    0.0014    0.001   302.94    44.26      1.8
*MS4  0.1638447    0.0072    0.001   317.86     9.13       47
*MK4  0.1640729    0.0026    0.001     8.46    22.18      7.9
*S4   0.1666667    0.0016    0.001   337.48    35.16      2.6
 SK4  0.1668948    0.0010    0.001    80.81    63.08      1.2
*2MK5 0.2028035    0.0058    0.001   198.80    12.40       16
 2SK5 0.2084474    0.0005    0.001   284.20   135.83     0.23
*2MN6 0.2400221    0.0030    0.001   188.33    14.51       17
*M6   0.2415342    0.0068    0.001   208.17     6.64       53
*2MS6 0.2443561    0.0055    0.001   244.98     7.73       53
*2MK6 0.2445843    0.0021    0.001   204.90    18.18       14
*2SM6 0.2471781    0.0014    0.001   279.15    30.11      4.5
*MSK6 0.2474062    0.0010    0.001   212.96    39.65      2.5
 3MK7 0.2833149    0.0004    0.001    23.44    84.34     0.53
 M8   0.3220456    0.0005    0.001   328.32    66.65        1
