
file name: NeahBay_analysis_filter_31-Dec-2005_02-Jan-2007
date: 05-May-2015
nobs = 8809,  ngood = 8068,  record length (days) = 367.04
start time: 31-Dec-2005
rayleigh criterion = 1.0
Greenwich phase computed with nodal corrections applied to amplitude \n and phase relative to center time

x0= -0.036, x trend= 0

var(x)= 0.58002   var(xp)= 0.56187   var(xres)= 0.018484
percent var predicted/var original= 96.9 %

     tidal amplitude and phase with 95% CI estimates

tide   freq       amp     amp_err    pha    pha_err     snr
*SA   0.0001141    0.1239    0.051    21.69    22.90        6
 SSA  0.0002282    0.0180    0.041   156.19   150.38     0.19
 MSM  0.0013098    0.0509    0.047    57.31    58.10      1.2
 MM   0.0015122    0.0046    0.034    67.73   225.80    0.018
 MSF  0.0028219    0.0226    0.037   102.38   125.04     0.37
 MF   0.0030501    0.0244    0.045   240.66   108.06     0.29
*ALP1 0.0343966    0.0029    0.002    58.78    41.88      2.1
*2Q1  0.0357064    0.0074    0.002   126.83    16.61       13
*SIG1 0.0359087    0.0058    0.002   112.17    16.98      9.5
*Q1   0.0372185    0.0564    0.002   116.52     2.16  8.6e+02
*RHO1 0.0374209    0.0081    0.002    99.67    14.70       17
*O1   0.0387307    0.3033    0.002   119.47     0.37  2.3e+04
*TAU1 0.0389588    0.0075    0.003   129.44    22.88      5.1
*BET1 0.0400404    0.0036    0.002   118.82    27.12      3.8
*NO1  0.0402686    0.0265    0.002   117.76     3.53  2.4e+02
*CHI1 0.0404710    0.0037    0.002   136.24    30.56        3
*PI1  0.0414385    0.0104    0.002   123.58    12.95       22
*P1   0.0415526    0.1577    0.002   125.62     0.94  4.3e+03
*S1   0.0416667    0.0271    0.003   117.06     7.04       75
*K1   0.0417807    0.4917    0.002   128.00     0.25  6.2e+04
 PSI1 0.0418948    0.0028    0.002   273.72    49.69      1.4
*PHI1 0.0420089    0.0081    0.002   121.24    14.08       11
*THE1 0.0430905    0.0061    0.002   130.03    19.24      8.7
*J1   0.0432929    0.0317    0.002   133.48     3.93  2.1e+02
*SO1  0.0446027    0.0054    0.002   170.46    18.76      9.3
*OO1  0.0448308    0.0171    0.001   153.51     3.98  2.3e+02
*UPS1 0.0463430    0.0023    0.001   178.92    35.03      3.4
 OQ2  0.0759749    0.0003    0.001   129.12   205.38    0.063
*EPS2 0.0761773    0.0047    0.002   334.29    19.22      8.7
*2N2  0.0774871    0.0171    0.002   342.95     6.02       86
*MU2  0.0776895    0.0223    0.002   340.54     4.35  1.7e+02
*N2   0.0789992    0.1644    0.002   354.37     0.58  8.7e+03
*NU2  0.0792016    0.0320    0.002   358.84     2.98  3.1e+02
*H1   0.0803973    0.0041    0.002    25.85    24.89      5.5
*M2   0.0805114    0.7842    0.002    14.13     0.13  1.6e+05
*H2   0.0806255    0.0084    0.002   271.44    12.59       24
*MKS2 0.0807396    0.0021    0.001   338.19    34.72        2
 LDA2 0.0818212    0.0023    0.002    65.35    44.50      1.9
*L2   0.0820236    0.0165    0.003    44.86     9.29       41
*T2   0.0832193    0.0131    0.002    25.40     7.16       56
*S2   0.0833333    0.2284    0.002    32.55     0.42  1.8e+04
*R2   0.0834474    0.0025    0.001    57.32    33.13      3.4
*K2   0.0835615    0.0579    0.001    24.27     1.16  2.3e+03
*MSN2 0.0848455    0.0035    0.002    60.06    26.99      3.1
*ETA2 0.0850736    0.0038    0.001     7.67    16.46      7.9
*MO3  0.1192421    0.0090    0.002   346.43    10.20       28
*M3   0.1207671    0.0036    0.002    39.66    31.74        4
*SO3  0.1220640    0.0072    0.001   350.93    11.28       24
*MK3  0.1222921    0.0152    0.002   332.85     6.07       85
*SK3  0.1251141    0.0059    0.002    14.01    13.11       14
*MN4  0.1595106    0.0061    0.001   284.70    10.38       25
*M4   0.1610228    0.0102    0.001   310.01     6.21  1.3e+02
*SN4  0.1623326    0.0026    0.001   253.90    23.02      5.5
*MS4  0.1638447    0.0075    0.001   314.17     8.15       35
*MK4  0.1640729    0.0021    0.001    10.58    20.99      7.1
 S4   0.1666667    0.0012    0.001   305.00    46.64      1.9
 SK4  0.1668948    0.0007    0.001    66.18    59.16     0.91
*2MK5 0.2028035    0.0061    0.002   190.97    12.89       16
 2SK5 0.2084474    0.0005    0.001   305.29   139.91     0.21
*2MN6 0.2400221    0.0028    0.001   181.40    17.25       12
*M6   0.2415342    0.0073    0.001   202.91     6.70       65
*2MS6 0.2443561    0.0050    0.001   244.30     8.71       40
*2MK6 0.2445843    0.0024    0.001   205.23    14.66       14
 2SM6 0.2471781    0.0009    0.001   244.21    43.56      1.8
*MSK6 0.2474062    0.0010    0.001   243.88    32.76      3.5
 3MK7 0.2833149    0.0008    0.001   339.55    40.29      1.8
 M8   0.3220456    0.0002    0.000   141.27   159.50     0.16
