
file name: Tofino_analysis_31-Dec-2005_02-Jan-2007
date: 17-Apr-2015
nobs = 8809,  ngood = 8809,  record length (days) = 367.04
start time: 31-Dec-2005
rayleigh criterion = 1.0
Greenwich phase computed with nodal corrections applied to amplitude \n and phase relative to center time

x0= 2.11, x trend= 0

var(x)= 0.70326   var(xp)= 0.68052   var(xres)= 0.02257
percent var predicted/var original= 96.8 %

     tidal amplitude and phase with 95% CI estimates

tide   freq       amp     amp_err    pha    pha_err     snr
*SA   0.0001141    0.1643    0.050    15.74    15.41       11
 SSA  0.0002282    0.0385    0.042   191.20    62.73     0.83
 MSM  0.0013098    0.0605    0.044    62.23    47.59      1.9
 MM   0.0015122    0.0086    0.036   113.45   213.16    0.057
 MSF  0.0028219    0.0200    0.038   104.30   137.10     0.28
 MF   0.0030501    0.0276    0.038   220.90   111.51     0.53
 ALP1 0.0343966    0.0023    0.002    86.07    42.48      1.5
*2Q1  0.0357064    0.0067    0.002   134.92    16.62       12
*SIG1 0.0359087    0.0073    0.002   113.87    14.04       14
*Q1   0.0372185    0.0459    0.002   116.21     2.54  5.7e+02
*RHO1 0.0374209    0.0093    0.002   108.94    12.37       22
*O1   0.0387307    0.2463    0.002   116.02     0.45  1.9e+04
*TAU1 0.0389588    0.0073    0.003   106.04    24.53      6.9
*BET1 0.0400404    0.0037    0.002   132.86    31.30      5.7
*NO1  0.0402686    0.0210    0.002   108.66     4.31  1.7e+02
 CHI1 0.0404710    0.0020    0.002   108.52    54.62      1.3
*PI1  0.0414385    0.0061    0.002   139.56    22.43      6.4
*P1   0.0415526    0.1216    0.002   118.52     1.10  2.9e+03
*S1   0.0416667    0.0184    0.004   133.64     9.89       25
*K1   0.0417807    0.3886    0.002   121.05     0.30  3.6e+04
*PSI1 0.0418948    0.0063    0.002   326.25    20.60        8
*PHI1 0.0420089    0.0069    0.003   123.93    17.89      6.7
*THE1 0.0430905    0.0050    0.002   126.16    22.89      8.4
*J1   0.0432929    0.0249    0.002   122.71     4.25  1.3e+02
*SO1  0.0446027    0.0061    0.002   131.20    16.71      9.5
*OO1  0.0448308    0.0145    0.001   141.23     4.67  1.2e+02
*UPS1 0.0463430    0.0028    0.001   172.83    27.63      4.6
*OQ2  0.0759749    0.0030    0.002   341.28    42.32      2.4
*EPS2 0.0761773    0.0035    0.002    12.40    38.11      2.7
*2N2  0.0774871    0.0228    0.002   343.38     5.59  1.2e+02
*MU2  0.0776895    0.0183    0.002   344.19     7.18       85
*N2   0.0789992    0.2014    0.003   349.21     0.58  6.4e+03
*NU2  0.0792016    0.0414    0.002   352.45     2.92  3.7e+02
*H1   0.0803973    0.0078    0.002   172.13    16.19       13
*M2   0.0805114    0.9868    0.002     8.66     0.13  2.3e+05
*H2   0.0806255    0.0073    0.002   214.41    16.43       12
 MKS2 0.0807396    0.0009    0.001    34.48   119.95     0.43
*LDA2 0.0818212    0.0093    0.002     5.84    14.20       18
*L2   0.0820236    0.0293    0.003    25.23     6.49       86
*T2   0.0832193    0.0190    0.002    26.33     6.30       96
*S2   0.0833333    0.2811    0.002    30.33     0.47  1.5e+04
*R2   0.0834474    0.0047    0.002    28.76    22.08      7.1
*K2   0.0835615    0.0767    0.002    20.64     1.27  2.2e+03
 MSN2 0.0848455    0.0029    0.002   140.55    37.95      1.7
*ETA2 0.0850736    0.0048    0.002    10.16    16.89       10
*MO3  0.1192421    0.0065    0.001    79.19     8.92       58
*M3   0.1207671    0.0018    0.001   230.22    33.58      2.7
*SO3  0.1220640    0.0036    0.001    98.47    12.72       12
*MK3  0.1222921    0.0068    0.001    90.39     7.31       47
*SK3  0.1251141    0.0036    0.001    87.40    13.75       13
*MN4  0.1595106    0.0081    0.001   352.80     6.69       67
*M4   0.1610228    0.0189    0.001    15.79     2.55  4.4e+02
*SN4  0.1623326    0.0017    0.001    37.94    27.92        4
*MS4  0.1638447    0.0096    0.001    33.20     5.32  1.3e+02
*MK4  0.1640729    0.0032    0.001    31.01    13.66       21
*S4   0.1666667    0.0012    0.001    30.49    40.87      2.7
*SK4  0.1668948    0.0012    0.001    79.35    35.41      3.5
*2MK5 0.2028035    0.0021    0.001   111.24    27.37      6.4
 2SK5 0.2084474    0.0006    0.001   151.52    69.16     0.85
*2MN6 0.2400221    0.0035    0.001    27.76    10.46       30
*M6   0.2415342    0.0046    0.001    48.86    10.28       45
*2MS6 0.2443561    0.0043    0.001    59.23     8.81       47
*2MK6 0.2445843    0.0019    0.000    52.12    15.25       16
*2SM6 0.2471781    0.0010    0.001    87.58    33.55      3.4
*MSK6 0.2474062    0.0008    0.000    62.96    36.60      3.1
*3MK7 0.2833149    0.0015    0.001   129.41    26.00      5.6
*M8   0.3220456    0.0028    0.001    47.01    11.87       25
