
file name: Tofino_analysis_31-Dec-2004_02-Jan-2006
date: 17-Apr-2015
nobs = 8809,  ngood = 8781,  record length (days) = 367.04
start time: 31-Dec-2004
rayleigh criterion = 1.0
Greenwich phase computed with nodal corrections applied to amplitude \n and phase relative to center time

x0= 2.1, x trend= 0

var(x)= 0.68708   var(xp)= 0.67148   var(xres)= 0.015475
percent var predicted/var original= 97.7 %

     tidal amplitude and phase with 95% CI estimates

tide   freq       amp     amp_err    pha    pha_err     snr
*SA   0.0001141    0.1050    0.033    24.50    17.65       10
 SSA  0.0002282    0.0291    0.032   146.25    71.07     0.85
 MSM  0.0013098    0.0139    0.025    32.56   122.60     0.32
*MM   0.0015122    0.0585    0.033   250.60    35.57      3.2
 MSF  0.0028219    0.0178    0.024   247.07    92.54     0.54
 MF   0.0030501    0.0314    0.028   177.34    67.24      1.3
 ALP1 0.0343966    0.0019    0.002   140.25    57.55     0.97
*2Q1  0.0357064    0.0054    0.002   116.68    21.54      7.7
*SIG1 0.0359087    0.0064    0.002   127.26    18.18       11
*Q1   0.0372185    0.0435    0.002   115.53     2.75  5.4e+02
*RHO1 0.0374209    0.0112    0.002   114.98    10.59       32
*O1   0.0387307    0.2466    0.002   116.55     0.47  1.2e+04
*TAU1 0.0389588    0.0058    0.003   110.75    30.97      4.4
 BET1 0.0400404    0.0018    0.002   142.80    65.44      1.1
*NO1  0.0402686    0.0178    0.002   108.95     6.50       96
*CHI1 0.0404710    0.0029    0.002   130.67    36.17      2.4
*PI1  0.0414385    0.0067    0.002   128.67    22.33      7.7
*P1   0.0415526    0.1225    0.002   118.92     1.18  2.9e+03
*S1   0.0416667    0.0180    0.003   133.58    11.38       34
*K1   0.0417807    0.3894    0.002   120.87     0.34    4e+04
*PSI1 0.0418948    0.0030    0.002   322.95    45.21      2.3
*PHI1 0.0420089    0.0076    0.003   127.24    18.24      8.5
*THE1 0.0430905    0.0045    0.002   133.05    29.05      5.1
*J1   0.0432929    0.0265    0.002   125.11     4.61  1.4e+02
*SO1  0.0446027    0.0048    0.002   146.31    24.07      7.2
*OO1  0.0448308    0.0141    0.001   142.64     5.42  1.1e+02
*UPS1 0.0463430    0.0035    0.001   151.02    21.50      6.4
*OQ2  0.0759749    0.0038    0.002   329.33    27.40      4.2
*EPS2 0.0761773    0.0027    0.001     3.87    30.19      3.4
*2N2  0.0774871    0.0286    0.002   333.46     3.23    3e+02
*MU2  0.0776895    0.0173    0.001   341.15     4.87  1.4e+02
*N2   0.0789992    0.1993    0.002   348.89     0.47  1.7e+04
*NU2  0.0792016    0.0399    0.002   350.77     2.35  6.8e+02
 H1   0.0803973    0.0017    0.001    81.23    46.81      1.5
*M2   0.0805114    0.9895    0.001     8.31     0.10  5.3e+05
*H2   0.0806255    0.0023    0.001   323.55    39.54      2.8
 MKS2 0.0807396    0.0004    0.001    80.12   122.69     0.24
*LDA2 0.0818212    0.0079    0.002     8.01    10.22       26
*L2   0.0820236    0.0228    0.001    27.31     3.69  3.7e+02
*T2   0.0832193    0.0162    0.001    23.14     5.63  1.4e+02
*S2   0.0833333    0.2822    0.002    29.65     0.35  3.5e+04
*R2   0.0834474    0.0025    0.001    17.25    26.48      4.7
*K2   0.0835615    0.0777    0.001    21.81     0.79    6e+03
*MSN2 0.0848455    0.0040    0.002   158.71    22.39      6.9
*ETA2 0.0850736    0.0067    0.001    22.94     9.40       29
*MO3  0.1192421    0.0061    0.001    79.13     8.35       42
*M3   0.1207671    0.0023    0.001   272.19    31.15      4.5
*SO3  0.1220640    0.0038    0.001   103.90    14.53       19
*MK3  0.1222921    0.0071    0.001    89.83     8.35       48
*SK3  0.1251141    0.0030    0.001    79.09    19.53      9.9
*MN4  0.1595106    0.0075    0.001   356.01     7.49       75
*M4   0.1610228    0.0184    0.001    13.60     2.99  3.1e+02
*SN4  0.1623326    0.0018    0.001    35.50    32.85      3.4
*MS4  0.1638447    0.0102    0.001    31.30     6.25  1.2e+02
*MK4  0.1640729    0.0035    0.001    36.46    12.37       22
 S4   0.1666667    0.0007    0.001    42.88    73.80     0.76
*SK4  0.1668948    0.0016    0.001    50.97    29.46      5.5
*2MK5 0.2028035    0.0021    0.001   129.11    24.68      5.9
 2SK5 0.2084474    0.0002    0.001   144.83   134.17      0.2
*2MN6 0.2400221    0.0033    0.001    34.79    12.12       20
*M6   0.2415342    0.0047    0.001    50.51     8.87       45
*2MS6 0.2443561    0.0039    0.001    64.68     8.87       34
*2MK6 0.2445843    0.0019    0.001    40.05    14.65       10
 2SM6 0.2471781    0.0008    0.001    88.18    45.52      1.9
*MSK6 0.2474062    0.0009    0.000    81.52    30.44      3.4
*3MK7 0.2833149    0.0021    0.001   128.03    20.31      7.3
*M8   0.3220456    0.0023    0.001    50.16    14.73       15
