
file name: Tofino_analysis_filter_31-Dec-2005_02-Jan-2007
date: 21-Apr-2015
nobs = 8809,  ngood = 8182,  record length (days) = 367.04
start time: 31-Dec-2005
rayleigh criterion = 1.0
Greenwich phase computed with nodal corrections applied to amplitude \n and phase relative to center time

x0= 2.09, x trend= 0

var(x)= 0.68897   var(xp)= 0.67334   var(xres)= 0.015895
percent var predicted/var original= 97.7 %

     tidal amplitude and phase with 95% CI estimates

tide   freq       amp     amp_err    pha    pha_err     snr
*SA   0.0001141    0.1340    0.047    20.32    20.49      8.3
 SSA  0.0002282    0.0195    0.035   180.36   135.89     0.31
 MSM  0.0013098    0.0449    0.038    55.32    55.00      1.4
 MM   0.0015122    0.0095    0.033    72.07   186.97    0.081
 MSF  0.0028219    0.0198    0.033   114.84   118.14     0.35
 MF   0.0030501    0.0291    0.040   216.66   103.87     0.54
 ALP1 0.0343966    0.0018    0.002    99.84    51.29      1.2
*2Q1  0.0357064    0.0058    0.002   138.04    17.59       12
*SIG1 0.0359087    0.0056    0.002   116.67    16.71      8.3
*Q1   0.0372185    0.0456    0.002   115.56     2.17  7.6e+02
*RHO1 0.0374209    0.0082    0.002   102.60    12.45       27
*O1   0.0387307    0.2462    0.002   115.56     0.45  1.9e+04
*TAU1 0.0389588    0.0075    0.003   105.76    19.00      7.5
*BET1 0.0400404    0.0028    0.002   125.07    32.30      2.5
*NO1  0.0402686    0.0204    0.001   108.44     3.69  2.6e+02
*CHI1 0.0404710    0.0043    0.002   127.64    20.97      7.4
*PI1  0.0414385    0.0069    0.002   120.28    17.94       11
*P1   0.0415526    0.1228    0.002   117.83     1.02  3.9e+03
*S1   0.0416667    0.0204    0.003   137.54     8.56       57
*K1   0.0417807    0.3894    0.002   121.26     0.29  5.3e+04
*PSI1 0.0418948    0.0042    0.002   320.36    28.05      5.6
*PHI1 0.0420089    0.0055    0.002   105.67    21.64      6.7
*THE1 0.0430905    0.0044    0.002   137.03    24.43      6.9
*J1   0.0432929    0.0257    0.002   122.39     4.26    2e+02
*SO1  0.0446027    0.0074    0.002   138.61    12.07       18
*OO1  0.0448308    0.0144    0.001   137.13     4.11    2e+02
*UPS1 0.0463430    0.0029    0.001   171.65    19.83      7.3
 OQ2  0.0759749    0.0024    0.002   355.06    54.82      1.4
*EPS2 0.0761773    0.0038    0.002     3.95    33.93      3.9
*2N2  0.0774871    0.0233    0.002   345.04     5.04  1.2e+02
*MU2  0.0776895    0.0170    0.002   344.61     7.39       62
*N2   0.0789992    0.2007    0.002   348.93     0.65  8.9e+03
*NU2  0.0792016    0.0421    0.002   351.28     3.08  3.7e+02
*H1   0.0803973    0.0071    0.002   169.35    15.65       10
*M2   0.0805114    0.9871    0.002     8.59     0.11  1.9e+05
*H2   0.0806255    0.0068    0.002   228.05    18.91      9.3
 MKS2 0.0807396    0.0007    0.001   106.71   118.70     0.36
*LDA2 0.0818212    0.0085    0.002     0.42    16.51       18
*L2   0.0820236    0.0281    0.003    27.04     7.89       82
*T2   0.0832193    0.0184    0.002    24.05     7.27       83
*S2   0.0833333    0.2809    0.002    30.26     0.51  1.7e+04
*R2   0.0834474    0.0051    0.002    26.30    17.90      8.2
*K2   0.0835615    0.0771    0.001    20.96     1.07    3e+03
 MSN2 0.0848455    0.0023    0.002   127.44    57.98      1.1
*ETA2 0.0850736    0.0042    0.001    10.48    20.71      8.3
*MO3  0.1192421    0.0060    0.001    79.61     8.04       42
*M3   0.1207671    0.0020    0.001   239.69    32.44      2.9
*SO3  0.1220640    0.0037    0.001    96.71    13.42       19
*MK3  0.1222921    0.0070    0.001    88.89     7.48       56
*SK3  0.1251141    0.0037    0.001    84.85    14.14       17
*MN4  0.1595106    0.0087    0.001   352.96     5.20       99
*M4   0.1610228    0.0185    0.001    15.89     3.00  3.7e+02
*SN4  0.1623326    0.0018    0.001    42.66    28.88      4.9
*MS4  0.1638447    0.0093    0.001    30.77     6.00  1.1e+02
*MK4  0.1640729    0.0035    0.001    33.80    11.11       27
 S4   0.1666667    0.0010    0.001    24.35    47.62      1.5
*SK4  0.1668948    0.0013    0.001    87.83    32.06      4.7
*2MK5 0.2028035    0.0024    0.001   112.46    19.00      7.3
 2SK5 0.2084474    0.0007    0.001   171.85    59.56        1
*2MN6 0.2400221    0.0034    0.001    30.55    12.23       22
*M6   0.2415342    0.0050    0.001    45.80     8.08       40
*2MS6 0.2443561    0.0046    0.001    60.18     7.84       50
*2MK6 0.2445843    0.0020    0.001    50.53    13.87       14
*2SM6 0.2471781    0.0013    0.001    99.11    24.78      5.3
*MSK6 0.2474062    0.0009    0.000    70.19    32.49      4.4
*3MK7 0.2833149    0.0013    0.001   130.93    28.14      4.3
*M8   0.3220456    0.0027    0.001    55.30    10.81       28
