
file name: TokePoint_analysis_filter_31-Dec-2005_02-Jan-2007
date: 06-May-2015
nobs = 8809,  ngood = 7276,  record length (days) = 367.04
start time: 31-Dec-2005
rayleigh criterion = 1.0
Greenwich phase computed with nodal corrections applied to amplitude \n and phase relative to center time

x0= -0.0209, x trend= 0

var(x)= 0.69845   var(xp)= 0.67854   var(xres)= 0.020726
percent var predicted/var original= 97.2 %

     tidal amplitude and phase with 95% CI estimates

tide   freq       amp     amp_err    pha    pha_err     snr
*SA   0.0001141    0.1405    0.056    26.06    22.66      6.2
 SSA  0.0002282    0.0257    0.044   128.86   125.25     0.35
 MSM  0.0013098    0.0449    0.051    53.12    70.29     0.76
 MM   0.0015122    0.0181    0.039    84.85   137.85     0.21
 MSF  0.0028219    0.0216    0.047    70.83   136.78     0.21
 MF   0.0030501    0.0201    0.040   236.61   158.22     0.25
 ALP1 0.0343966    0.0039    0.003    93.98    42.43      1.7
*2Q1  0.0357064    0.0082    0.003   134.83    22.98        8
*SIG1 0.0359087    0.0061    0.003   129.45    30.14      5.8
*Q1   0.0372185    0.0460    0.003   122.23     3.66  2.1e+02
*RHO1 0.0374209    0.0135    0.003    89.02    12.79       20
*O1   0.0387307    0.2611    0.003   123.07     0.71  5.9e+03
*TAU1 0.0389588    0.0072    0.005   156.14    32.50      2.3
 BET1 0.0400404    0.0023    0.003    93.74    76.03     0.68
*NO1  0.0402686    0.0229    0.003   122.56     5.72       82
*CHI1 0.0404710    0.0047    0.003   105.87    39.36      2.8
*PI1  0.0414385    0.0081    0.003   113.84    28.64      7.4
*P1   0.0415526    0.1339    0.004   126.65     1.52  9.3e+02
*S1   0.0416667    0.0181    0.005   122.59    17.63       12
*K1   0.0417807    0.4323    0.003   129.53     0.49    2e+04
 PSI1 0.0418948    0.0024    0.003   118.37    71.25     0.66
*PHI1 0.0420089    0.0056    0.004   135.27    41.56      2.3
*THE1 0.0430905    0.0050    0.003   132.65    36.93      3.5
*J1   0.0432929    0.0258    0.003   136.65     7.53       69
*SO1  0.0446027    0.0061    0.003   184.21    25.61      4.7
*OO1  0.0448308    0.0126    0.002   164.21     8.35       48
*UPS1 0.0463430    0.0029    0.002   156.10    41.37      2.3
 OQ2  0.0759749    0.0021    0.003    66.23    88.26     0.58
*EPS2 0.0761773    0.0049    0.003    93.41    36.61      2.7
*2N2  0.0774871    0.0158    0.003     3.92    11.84       21
*MU2  0.0776895    0.0088    0.003    26.41    20.82      8.6
*N2   0.0789992    0.1960    0.003     1.25     0.97  3.8e+03
*NU2  0.0792016    0.0449    0.003     0.36     4.18  1.8e+02
*H1   0.0803973    0.0052    0.003   224.21    34.96      2.5
*M2   0.0805114    0.9780    0.003    20.71     0.20  9.3e+04
 H2   0.0806255    0.0034    0.003   102.30    57.26      1.3
 MKS2 0.0807396    0.0013    0.002   217.59   107.50     0.47
*LDA2 0.0818212    0.0131    0.003    25.35    15.25       15
*L2   0.0820236    0.0357    0.005    39.88     7.63       52
*T2   0.0832193    0.0153    0.003    45.82    13.12       25
*S2   0.0833333    0.2614    0.003    43.38     0.63  7.2e+03
 R2   0.0834474    0.0026    0.003    17.16    54.44      1.1
*K2   0.0835615    0.0698    0.002    34.55     1.75  9.8e+02
 MSN2 0.0848455    0.0021    0.003    94.38    92.59     0.73
*ETA2 0.0850736    0.0036    0.002   353.33    37.57      3.3
*MO3  0.1192421    0.0042    0.002   101.35    20.69      6.4
 M3   0.1207671    0.0010    0.002    32.39   108.40     0.38
*SO3  0.1220640    0.0023    0.001   290.76    36.05      2.4
*MK3  0.1222921    0.0030    0.001   308.95    31.97      4.4
*SK3  0.1251141    0.0025    0.002    40.56    36.28      2.3
*MN4  0.1595106    0.0056    0.002   214.41    18.45      9.3
*M4   0.1610228    0.0143    0.002   214.83     6.92       73
 SN4  0.1623326    0.0020    0.001   202.13    51.87      1.7
*MS4  0.1638447    0.0088    0.002   251.91    11.03       30
*MK4  0.1640729    0.0038    0.001    81.57    20.48      8.4
*S4   0.1666667    0.0023    0.001   280.14    40.15      2.5
 SK4  0.1668948    0.0005    0.001    36.98   116.54     0.31
*2MK5 0.2028035    0.0100    0.002   159.51    14.24       22
 2SK5 0.2084474    0.0007    0.002   197.83   151.76     0.18
*2MN6 0.2400221    0.0062    0.001    45.47    10.13       40
*M6   0.2415342    0.0099    0.001    60.67     6.03       84
*2MS6 0.2443561    0.0080    0.001    77.49     6.38       57
*2MK6 0.2445843    0.0026    0.001    57.59    18.62       14
*2SM6 0.2471781    0.0026    0.001    99.03    22.85        7
*MSK6 0.2474062    0.0012    0.001    95.18    31.82      3.2
*3MK7 0.2833149    0.0015    0.001    75.20    24.01        6
*M8   0.3220456    0.0007    0.000    22.03    36.68      2.7
