
file name: TokePoint_analysis_filter_31-Dec-2008_02-Jan-2010
date: 06-May-2015
nobs = 8809,  ngood = 8170,  record length (days) = 367.04
start time: 31-Dec-2008
rayleigh criterion = 1.0
Greenwich phase computed with nodal corrections applied to amplitude \n and phase relative to center time

x0= -0.0407, x trend= 0

var(x)= 0.67779   var(xp)= 0.66107   var(xres)= 0.017486
percent var predicted/var original= 97.5 %

     tidal amplitude and phase with 95% CI estimates

tide   freq       amp     amp_err    pha    pha_err     snr
*SA   0.0001141    0.0924    0.039   331.88    28.92      5.7
 SSA  0.0002282    0.0215    0.032   119.04   103.40     0.45
 MSM  0.0013098    0.0482    0.044   243.99    46.31      1.2
 MM   0.0015122    0.0436    0.039   147.13    45.81      1.2
 MSF  0.0028219    0.0231    0.032   314.14   103.29     0.51
 MF   0.0030501    0.0228    0.034   145.83    93.25     0.46
 ALP1 0.0343966    0.0037    0.003   169.18    48.90      1.7
*2Q1  0.0357064    0.0098    0.002   139.80    15.61       16
*SIG1 0.0359087    0.0043    0.003   147.16    40.89      2.9
*Q1   0.0372185    0.0466    0.003   123.10     3.69    3e+02
*RHO1 0.0374209    0.0094    0.003   115.45    17.87       11
*O1   0.0387307    0.2594    0.003   125.39     0.68    9e+03
*TAU1 0.0389588    0.0067    0.004   205.86    33.18        3
 BET1 0.0400404    0.0020    0.003   174.60    82.05     0.66
*NO1  0.0402686    0.0194    0.004   142.87    10.95       28
 CHI1 0.0404710    0.0033    0.003   117.32    48.82      1.2
*PI1  0.0414385    0.0060    0.003   135.79    30.21      3.4
*P1   0.0415526    0.1321    0.003   128.81     1.36  1.6e+03
 S1   0.0416667    0.0051    0.004   128.63    52.84      1.6
*K1   0.0417807    0.4252    0.003   131.62     0.35  2.4e+04
*PSI1 0.0418948    0.0074    0.003   154.34    24.72      4.7
*PHI1 0.0420089    0.0072    0.003   143.39    23.57      4.8
*THE1 0.0430905    0.0038    0.003   119.03    42.95      2.1
*J1   0.0432929    0.0215    0.003   144.49     6.55       65
*SO1  0.0446027    0.0042    0.003   237.47    39.77      2.4
*OO1  0.0448308    0.0140    0.002   158.39    10.77       41
 UPS1 0.0463430    0.0019    0.002   173.75    69.89      0.9
 OQ2  0.0759749    0.0025    0.003   355.26    72.92      0.9
 EPS2 0.0761773    0.0014    0.003    29.97   136.28     0.26
*2N2  0.0774871    0.0222    0.004   334.91     9.23       31
 MU2  0.0776895    0.0028    0.003     5.40    69.15     0.66
*N2   0.0789992    0.1950    0.004     2.73     1.02  2.7e+03
*NU2  0.0792016    0.0406    0.003     2.16     6.25  1.4e+02
*H1   0.0803973    0.0274    0.004    25.18     7.83       48
*M2   0.0805114    0.9653    0.004    24.37     0.24  6.1e+04
*H2   0.0806255    0.0284    0.004    28.34     8.57       56
*MKS2 0.0807396    0.0062    0.003   206.53    30.82      3.6
*LDA2 0.0818212    0.0105    0.004    27.32    21.13      6.5
*L2   0.0820236    0.0284    0.004    45.27     7.07       62
*T2   0.0832193    0.0107    0.004    25.41    20.17      7.9
*S2   0.0833333    0.2614    0.004    46.00     0.89  4.5e+03
 R2   0.0834474    0.0036    0.003   219.31    46.12      1.4
*K2   0.0835615    0.0671    0.003    38.36     2.71  4.1e+02
 MSN2 0.0848455    0.0034    0.004   209.94    72.22     0.78
 ETA2 0.0850736    0.0024    0.002    45.73    64.96     0.99
*MO3  0.1192421    0.0047    0.002   117.99    26.12      6.2
*M3   0.1207671    0.0061    0.002   298.44    23.10      7.8
*SO3  0.1220640    0.0041    0.002   259.57    25.60        4
*MK3  0.1222921    0.0035    0.002   292.78    38.57      2.7
 SK3  0.1251141    0.0024    0.002    37.82    56.91      1.5
*MN4  0.1595106    0.0073    0.002   207.93    13.29       16
*M4   0.1610228    0.0137    0.002   223.71     8.59       49
*SN4  0.1623326    0.0034    0.002   261.57    34.10      3.3
*MS4  0.1638447    0.0100    0.002   253.34    10.32       28
*MK4  0.1640729    0.0034    0.001    97.08    27.32      5.6
 S4   0.1666667    0.0019    0.002   288.79    56.69      1.3
 SK4  0.1668948    0.0010    0.001   112.32    91.21     0.53
*2MK5 0.2028035    0.0093    0.003   183.33    16.03       12
 2SK5 0.2084474    0.0007    0.002   230.96   189.21    0.095
*2MN6 0.2400221    0.0062    0.001    54.09     9.78       35
*M6   0.2415342    0.0085    0.001    88.50     7.15       72
*2MS6 0.2443561    0.0075    0.001    99.62     7.37       68
*2MK6 0.2445843    0.0021    0.001    78.49    21.43      5.3
*2SM6 0.2471781    0.0026    0.001   110.06    19.39      5.3
*MSK6 0.2474062    0.0015    0.001   105.27    33.21      2.8
 3MK7 0.2833149    0.0008    0.001    90.64    41.19        2
 M8   0.3220456    0.0003    0.000   102.21    85.63     0.49
