
file name: TokePoint_analysis_filter_31-Dec-2011_02-Jan-2013
date: 06-May-2015
nobs = 8833,  ngood = 7703,  record length (days) = 368.04
start time: 31-Dec-2011
rayleigh criterion = 1.0
Greenwich phase computed with nodal corrections applied to amplitude \n and phase relative to center time

x0= -0.0343, x trend= 0

var(x)= 0.68236   var(xp)= 0.6672   var(xres)= 0.015322
percent var predicted/var original= 97.8 %

     tidal amplitude and phase with 95% CI estimates

tide   freq       amp     amp_err    pha    pha_err     snr
*SA   0.0001141    0.1151    0.047    16.38    21.34      6.1
 SSA  0.0002282    0.0411    0.046    99.26    59.99     0.81
 MSM  0.0013098    0.0174    0.035   197.56   128.32     0.25
 MM   0.0015122    0.0060    0.030     9.76   201.89     0.04
 MSF  0.0028219    0.0065    0.028   266.33   222.57    0.054
 MF   0.0030501    0.0224    0.037   175.01   123.45     0.37
 ALP1 0.0343966    0.0018    0.002   137.29    87.88     0.56
*2Q1  0.0357064    0.0071    0.003   100.55    22.78      6.7
*SIG1 0.0359087    0.0063    0.003   170.65    26.09      5.9
*Q1   0.0372185    0.0405    0.003   127.04     4.16  2.2e+02
*RHO1 0.0374209    0.0086    0.003    91.21    16.41      8.6
*O1   0.0387307    0.2566    0.003   122.41     0.64  8.8e+03
 TAU1 0.0389588    0.0031    0.002   251.90    43.26        2
 BET1 0.0400404    0.0021    0.003   160.73    75.78      0.6
*NO1  0.0402686    0.0145    0.002   152.81    11.36       35
 CHI1 0.0404710    0.0035    0.003    67.97    43.58      1.5
*PI1  0.0414385    0.0091    0.003   137.32    16.04       12
*P1   0.0415526    0.1299    0.003   126.36     1.15  1.9e+03
*S1   0.0416667    0.0117    0.003    93.03    19.48       12
*K1   0.0417807    0.4246    0.003   129.61     0.37  2.6e+04
*PSI1 0.0418948    0.0099    0.003   148.85    15.78       12
*PHI1 0.0420089    0.0060    0.003   111.94    25.22      5.5
*THE1 0.0430905    0.0058    0.003   110.00    26.64      4.7
*J1   0.0432929    0.0276    0.003   156.14     6.25       82
*SO1  0.0446027    0.0050    0.002   202.18    34.03        4
*OO1  0.0448308    0.0159    0.003   152.24    13.67       22
 UPS1 0.0463430    0.0012    0.003   185.20   153.69     0.19
 OQ2  0.0759749    0.0031    0.003   246.19    63.43     0.92
 EPS2 0.0761773    0.0007    0.002   207.06   169.22     0.13
*2N2  0.0774871    0.0260    0.003   323.75     7.01       72
*MU2  0.0776895    0.0060    0.003    25.99    27.02      4.5
*N2   0.0789992    0.1939    0.003     2.25     0.85  3.8e+03
*NU2  0.0792016    0.0429    0.003   358.72     3.91  2.4e+02
*H1   0.0803973    0.0046    0.003   291.45    39.14      2.7
*M2   0.0805114    0.9685    0.003    20.89     0.17  9.3e+04
 H2   0.0806255    0.0010    0.002   236.34   157.92     0.21
 MKS2 0.0807396    0.0034    0.003   145.42    51.72      1.4
*LDA2 0.0818212    0.0096    0.003    35.84    16.69       11
*L2   0.0820236    0.0276    0.003    23.79     5.11       97
*T2   0.0832193    0.0173    0.003    38.93     8.66       33
*S2   0.0833333    0.2607    0.003    43.06     0.66  9.4e+03
 R2   0.0834474    0.0028    0.003   321.40    50.95      1.2
*K2   0.0835615    0.0675    0.004    37.91     2.95  3.6e+02
 MSN2 0.0848455    0.0020    0.002   251.05    89.91     0.72
 ETA2 0.0850736    0.0051    0.004    65.72    49.00      1.6
*MO3  0.1192421    0.0025    0.002   110.46    38.41      2.5
*M3   0.1207671    0.0036    0.001    91.02    24.71      7.3
*SO3  0.1220640    0.0050    0.002   272.19    19.09      8.3
*MK3  0.1222921    0.0038    0.002   293.25    25.68      4.5
*SK3  0.1251141    0.0026    0.002    20.33    40.57      2.8
*MN4  0.1595106    0.0023    0.001   171.95    34.78      2.6
*M4   0.1610228    0.0112    0.001   204.95     6.97       58
*SN4  0.1623326    0.0022    0.001   222.17    41.89      2.4
*MS4  0.1638447    0.0084    0.001   234.38     9.71       32
*MK4  0.1640729    0.0030    0.002    82.05    32.98      3.6
 S4   0.1666667    0.0018    0.001   276.30    52.12      1.6
 SK4  0.1668948    0.0013    0.002   101.67    77.98     0.71
*2MK5 0.2028035    0.0093    0.002   159.52    15.33       20
 2SK5 0.2084474    0.0014    0.002   192.43    98.72     0.46
*2MN6 0.2400221    0.0055    0.001    42.27     8.70       45
*M6   0.2415342    0.0078    0.001    67.43     5.49       97
*2MS6 0.2443561    0.0072    0.001    82.55     6.58       73
*2MK6 0.2445843    0.0029    0.001    72.94    19.72       11
*2SM6 0.2471781    0.0024    0.001   102.13    18.44      8.4
*MSK6 0.2474062    0.0017    0.001    88.30    31.13      3.2
*3MK7 0.2833149    0.0017    0.001    93.19    20.06        7
*M8   0.3220456    0.0014    0.000    55.83    15.51       15
