
file name: Bamfield_analysis_filter_31-Dec-2011_02-Jan-2013
date: 22-Apr-2015
nobs = 8833,  ngood = 8157,  record length (days) = 368.04
start time: 31-Dec-2011
rayleigh criterion = 1.0
Greenwich phase computed with nodal corrections applied to amplitude \n and phase relative to center time

x0= 2.02, x trend= 0

var(x)= 0.63942   var(xp)= 0.62799   var(xres)= 0.011626
percent var predicted/var original= 98.2 %

     tidal amplitude and phase with 95% CI estimates

tide   freq       amp     amp_err    pha    pha_err     snr
*SA   0.0001141    0.0839    0.038    10.76    25.69      4.8
 SSA  0.0002282    0.0266    0.038   112.06    82.25      0.5
 MSM  0.0013098    0.0221    0.031   191.25    98.40      0.5
 MM   0.0015122    0.0036    0.024    39.31   218.45    0.022
 MSF  0.0028219    0.0063    0.024   257.77   199.09     0.07
 MF   0.0030501    0.0235    0.033   170.58    98.18     0.52
*ALP1 0.0343966    0.0041    0.002    50.12    24.95      5.5
*2Q1  0.0357064    0.0053    0.002   138.31    19.09      7.9
*SIG1 0.0359087    0.0071    0.002   112.79    13.77       16
*Q1   0.0372185    0.0433    0.002   116.20     2.50  7.7e+02
*RHO1 0.0374209    0.0096    0.002   115.76     9.88       28
*O1   0.0387307    0.2459    0.002   118.74     0.39  2.1e+04
 TAU1 0.0389588    0.0012    0.001    55.63    66.85     0.82
*BET1 0.0400404    0.0028    0.002   145.87    34.78      2.4
*NO1  0.0402686    0.0121    0.002   132.69     8.44       50
 CHI1 0.0404710    0.0025    0.002   113.55    39.98        2
*PI1  0.0414385    0.0051    0.002   138.51    17.25       11
*P1   0.0415526    0.1213    0.002   120.99     0.76  4.5e+03
*S1   0.0416667    0.0173    0.002   104.50     7.63       64
*K1   0.0417807    0.3879    0.002   125.72     0.24  6.1e+04
*PSI1 0.0418948    0.0038    0.002   162.60    24.06      5.4
*PHI1 0.0420089    0.0039    0.001   126.12    23.67      7.5
*THE1 0.0430905    0.0028    0.002   118.88    33.92        3
*J1   0.0432929    0.0256    0.002   136.74     3.62  1.7e+02
*SO1  0.0446027    0.0048    0.002   114.41    18.68      7.6
*OO1  0.0448308    0.0139    0.002   142.18     8.96       45
 UPS1 0.0463430    0.0011    0.002   189.63   115.10     0.33
*OQ2  0.0759749    0.0024    0.001   328.22    39.40      3.1
*EPS2 0.0761773    0.0039    0.001   326.33    19.78      7.6
*2N2  0.0774871    0.0251    0.001   321.03     3.19  3.3e+02
*MU2  0.0776895    0.0209    0.001   323.51     3.28    3e+02
*N2   0.0789992    0.1963    0.001   343.35     0.39    2e+04
*NU2  0.0792016    0.0389    0.001   345.95     1.91  1.1e+03
*H1   0.0803973    0.0026    0.001    45.51    25.00      3.5
*M2   0.0805114    0.9399    0.001     2.46     0.08  4.5e+05
*H2   0.0806255    0.0049    0.001   311.56    15.27       17
*MKS2 0.0807396    0.0025    0.001    21.83    33.35      3.6
*LDA2 0.0818212    0.0070    0.001    22.60     9.39       30
*L2   0.0820236    0.0190    0.001    18.55     3.25  2.4e+02
*T2   0.0832193    0.0178    0.001    16.74     3.62    2e+02
*S2   0.0833333    0.2733    0.001    22.82     0.29  5.2e+04
 R2   0.0834474    0.0011    0.001   311.96    56.78      1.1
*K2   0.0835615    0.0721    0.002    13.56     1.13  2.2e+03
 MSN2 0.0848455    0.0007    0.001   175.24    99.62     0.35
*ETA2 0.0850736    0.0072    0.002    19.82    17.05       18
*MO3  0.1192421    0.0012    0.001    29.83    35.95      2.5
*M3   0.1207671    0.0015    0.001   287.99    27.05      6.2
 SO3  0.1220640    0.0003    0.001   330.79   131.02     0.24
*MK3  0.1222921    0.0018    0.001   357.71    25.06      5.5
*SK3  0.1251141    0.0030    0.001    36.30    15.97       17
 MN4  0.1595106    0.0008    0.001    36.75    44.42      1.6
*M4   0.1610228    0.0021    0.001    73.70    18.73       15
 SN4  0.1623326    0.0004    0.001   254.08   112.17     0.39
*MS4  0.1638447    0.0009    0.001   291.44    46.44      3.2
 MK4  0.1640729    0.0007    0.001    91.96    61.02      0.9
*S4   0.1666667    0.0010    0.001   272.89    39.14      2.6
 SK4  0.1668948    0.0003    0.001    38.80   123.22      0.3
*2MK5 0.2028035    0.0024    0.001   230.24    12.90       17
*2SK5 0.2084474    0.0009    0.001   177.28    39.59      2.1
 2MN6 0.2400221    0.0005    0.000    95.86    61.51     0.95
*M6   0.2415342    0.0017    0.001   164.25    17.46       11
*2MS6 0.2443561    0.0010    0.001   240.28    30.77      2.9
 2MK6 0.2445843    0.0006    0.001   201.96    62.70        1
 2SM6 0.2471781    0.0004    0.001    90.49    71.30     0.68
 MSK6 0.2474062    0.0004    0.001   330.42    97.52     0.48
 3MK7 0.2833149    0.0004    0.000    22.04    88.67     0.58
 M8   0.3220456    0.0001    0.001    78.47   221.01    0.029
