
file name: Bamfield_analysis_filter_31-Dec-2008_02-Jan-2010
date: 22-Apr-2015
nobs = 8809,  ngood = 8512,  record length (days) = 367.04
start time: 31-Dec-2008
rayleigh criterion = 1.0
Greenwich phase computed with nodal corrections applied to amplitude \n and phase relative to center time

x0= 1.97, x trend= 0

var(x)= 0.63034   var(xp)= 0.61857   var(xres)= 0.011962
percent var predicted/var original= 98.1 %

     tidal amplitude and phase with 95% CI estimates

tide   freq       amp     amp_err    pha    pha_err     snr
*SA   0.0001141    0.0791    0.031   327.28    25.42      6.7
 SSA  0.0002282    0.0146    0.025   174.19   123.13     0.33
 MSM  0.0013098    0.0349    0.028   231.19    59.08      1.5
 MM   0.0015122    0.0314    0.030   154.83    49.75      1.1
 MSF  0.0028219    0.0174    0.024   269.16    98.40     0.54
 MF   0.0030501    0.0274    0.029   139.95    58.11     0.87
*ALP1 0.0343966    0.0037    0.002   129.78    27.70      4.1
*2Q1  0.0357064    0.0077    0.001   129.35    11.56       30
*SIG1 0.0359087    0.0058    0.002   109.38    15.36       11
*Q1   0.0372185    0.0439    0.002   116.04     2.12    8e+02
*RHO1 0.0374209    0.0121    0.002   118.23     7.77       51
*O1   0.0387307    0.2491    0.002   118.57     0.41  2.6e+04
 TAU1 0.0389588    0.0018    0.002   224.12    69.42     0.79
 BET1 0.0400404    0.0015    0.001    73.42    67.39      1.1
*NO1  0.0402686    0.0223    0.002   137.15     5.29       99
*CHI1 0.0404710    0.0037    0.002   147.09    22.65      4.6
*PI1  0.0414385    0.0078    0.002   120.96    14.74       17
*P1   0.0415526    0.1247    0.002   122.42     0.83  4.2e+03
*S1   0.0416667    0.0201    0.002   113.74     7.48       70
*K1   0.0417807    0.3911    0.002   125.90     0.23  6.1e+04
*PSI1 0.0418948    0.0036    0.002   243.90    30.52        4
*PHI1 0.0420089    0.0073    0.002   117.68    15.73       16
*THE1 0.0430905    0.0047    0.002   143.52    20.33      9.4
*J1   0.0432929    0.0218    0.002   131.76     3.67  1.9e+02
*SO1  0.0446027    0.0036    0.002   126.04    26.33      4.6
*OO1  0.0448308    0.0128    0.001   144.49     6.66       94
 UPS1 0.0463430    0.0016    0.001   142.56    46.35      1.6
*OQ2  0.0759749    0.0022    0.001   289.54    28.43      3.4
*EPS2 0.0761773    0.0034    0.001   309.82    23.21      6.3
*2N2  0.0774871    0.0207    0.001   313.83     3.79  2.8e+02
*MU2  0.0776895    0.0201    0.001   321.51     3.69  2.8e+02
*N2   0.0789992    0.1955    0.001   341.53     0.41    2e+04
*NU2  0.0792016    0.0371    0.001   346.49     2.33  7.9e+02
 H1   0.0803973    0.0014    0.001    32.36    52.53      1.1
*M2   0.0805114    0.9390    0.001     2.52     0.08  4.9e+05
*H2   0.0806255    0.0061    0.001   292.46    12.45       17
 MKS2 0.0807396    0.0006    0.001    94.02   124.68     0.32
*LDA2 0.0818212    0.0051    0.001    11.57    14.88       12
*L2   0.0820236    0.0223    0.001    12.91     2.87  3.4e+02
*T2   0.0832193    0.0173    0.001    19.06     4.36  1.7e+02
*S2   0.0833333    0.2721    0.001    22.80     0.27    4e+04
 R2   0.0834474    0.0015    0.001   341.43    39.20      1.9
*K2   0.0835615    0.0740    0.001    14.04     0.92  3.4e+03
 MSN2 0.0848455    0.0015    0.001   133.34    65.12      1.1
*ETA2 0.0850736    0.0036    0.001    45.36    15.37       16
*MO3  0.1192421    0.0019    0.001    44.86    20.03      7.3
*M3   0.1207671    0.0025    0.001   304.11    19.70       11
 SO3  0.1220640    0.0007    0.001   347.26    56.88      1.1
*MK3  0.1222921    0.0012    0.001     9.26    36.52      2.8
*SK3  0.1251141    0.0029    0.001    30.78    16.25       17
*MN4  0.1595106    0.0012    0.001   335.39    29.76      3.6
*M4   0.1610228    0.0015    0.001    72.98    29.81      4.1
 SN4  0.1623326    0.0003    0.001   233.92   133.64     0.29
*MS4  0.1638447    0.0013    0.001   239.40    30.87        4
 MK4  0.1640729    0.0000    0.000   254.77   258.39    0.011
 S4   0.1666667    0.0009    0.001   318.76    42.34      1.8
 SK4  0.1668948    0.0007    0.001   114.08    53.28      1.3
*2MK5 0.2028035    0.0021    0.001   229.19    18.11       10
 2SK5 0.2084474    0.0004    0.001   192.76    80.09     0.55
 2MN6 0.2400221    0.0004    0.000   145.51   100.50     0.54
*M6   0.2415342    0.0022    0.001   183.80    15.10       13
*2MS6 0.2443561    0.0013    0.001   277.93    25.35      5.6
 2MK6 0.2445843    0.0005    0.001   242.49    50.48     0.98
 2SM6 0.2471781    0.0001    0.000   127.58   179.68    0.062
 MSK6 0.2474062    0.0003    0.000   169.73    97.69     0.39
 3MK7 0.2833149    0.0002    0.000   191.91   165.81     0.17
 M8   0.3220456    0.0005    0.001   282.07   104.68     0.45
