
file name: Bamfield_analysis_filter_31-Dec-2005_02-Jan-2007
date: 22-Apr-2015
nobs = 8809,  ngood = 8288,  record length (days) = 367.04
start time: 31-Dec-2005
rayleigh criterion = 1.0
Greenwich phase computed with nodal corrections applied to amplitude \n and phase relative to center time

x0= 2.05, x trend= 0

var(x)= 0.6446   var(xp)= 0.62895   var(xres)= 0.015831
percent var predicted/var original= 97.6 %

     tidal amplitude and phase with 95% CI estimates

tide   freq       amp     amp_err    pha    pha_err     snr
*SA   0.0001141    0.1223    0.049    20.50    21.94      6.4
 SSA  0.0002282    0.0204    0.033   187.34   107.65     0.38
 MSM  0.0013098    0.0454    0.040    57.88    54.20      1.3
 MM   0.0015122    0.0073    0.028    54.36   206.14    0.066
 MSF  0.0028219    0.0217    0.036    84.42   113.51     0.37
 MF   0.0030501    0.0205    0.039   219.27   111.52     0.27
 ALP1 0.0343966    0.0020    0.001    39.18    45.31      1.8
*2Q1  0.0357064    0.0061    0.002   145.84    14.35       14
*SIG1 0.0359087    0.0059    0.001   110.12    12.48       17
*Q1   0.0372185    0.0460    0.001   115.06     2.06  9.9e+02
*RHO1 0.0374209    0.0086    0.001   109.26    10.10       34
*O1   0.0387307    0.2496    0.002   118.83     0.34  2.7e+04
*TAU1 0.0389588    0.0058    0.002    85.75    21.96      5.9
*BET1 0.0400404    0.0030    0.001   144.55    27.61      5.1
*NO1  0.0402686    0.0207    0.001   110.15     3.51  2.8e+02
*CHI1 0.0404710    0.0037    0.002   122.62    23.39      5.1
*PI1  0.0414385    0.0079    0.002   141.49    12.72       19
*P1   0.0415526    0.1242    0.002   122.69     0.94  4.6e+03
*S1   0.0416667    0.0218    0.002   126.46     6.78       81
*K1   0.0417807    0.3939    0.002   125.99     0.25  6.6e+04
*PSI1 0.0418948    0.0031    0.002   286.02    36.62        3
*PHI1 0.0420089    0.0036    0.002   120.37    24.24      3.9
*THE1 0.0430905    0.0058    0.001   144.09    15.31       17
*J1   0.0432929    0.0243    0.002   124.39     3.89    2e+02
*SO1  0.0446027    0.0049    0.001   121.62    14.84       12
*OO1  0.0448308    0.0132    0.001   144.48     3.94  2.4e+02
*UPS1 0.0463430    0.0025    0.001   163.37    23.75        7
*OQ2  0.0759749    0.0033    0.002   320.25    27.16      4.7
*EPS2 0.0761773    0.0031    0.001   322.53    26.71      4.8
*2N2  0.0774871    0.0235    0.002   330.26     3.37  1.8e+02
*MU2  0.0776895    0.0217    0.002   328.20     3.79  1.9e+02
*N2   0.0789992    0.1936    0.002   342.52     0.45  1.5e+04
*NU2  0.0792016    0.0399    0.002   346.34     2.23  6.2e+02
*H1   0.0803973    0.0023    0.001   108.69    44.92      2.3
*M2   0.0805114    0.9436    0.002     2.42     0.10  3.1e+05
*H2   0.0806255    0.0027    0.002   282.30    35.52        3
 MKS2 0.0807396    0.0016    0.001   347.14    40.15      1.6
*LDA2 0.0818212    0.0066    0.002     8.93    13.51       18
*L2   0.0820236    0.0223    0.002    29.44     5.66       89
*T2   0.0832193    0.0166    0.002    21.25     5.05  1.2e+02
*S2   0.0833333    0.2717    0.001    23.03     0.33  3.4e+04
*R2   0.0834474    0.0032    0.001     0.09    22.79      6.5
*K2   0.0835615    0.0747    0.001    12.56     0.85    5e+03
*MSN2 0.0848455    0.0026    0.002    53.58    35.29      2.1
*ETA2 0.0850736    0.0042    0.001     3.41    13.06       13
*MO3  0.1192421    0.0017    0.001    71.09    26.63      4.9
*M3   0.1207671    0.0018    0.001   285.65    28.73      3.2
*SO3  0.1220640    0.0012    0.001     0.95    35.38      2.7
*MK3  0.1222921    0.0021    0.001   352.95    20.67        7
*SK3  0.1251141    0.0033    0.001    31.05    10.52       20
*MN4  0.1595106    0.0012    0.001   318.91    40.90      2.2
*M4   0.1610228    0.0017    0.001    68.56    26.12        5
 SN4  0.1623326    0.0008    0.001   352.38    58.75        1
*MS4  0.1638447    0.0018    0.001   223.47    27.54      4.7
 MK4  0.1640729    0.0002    0.000     6.20   129.28     0.33
*S4   0.1666667    0.0014    0.001   292.92    26.79      4.6
 SK4  0.1668948    0.0006    0.000    98.65    61.21      1.4
*2MK5 0.2028035    0.0022    0.001   222.84    16.51      9.7
 2SK5 0.2084474    0.0006    0.001   152.06    59.30      1.4
*2MN6 0.2400221    0.0009    0.001    61.22    35.54      2.6
*M6   0.2415342    0.0019    0.001   172.31    18.04       10
*2MS6 0.2443561    0.0009    0.001   293.59    39.80        3
 2MK6 0.2445843    0.0003    0.000   182.50    97.98     0.57
*2SM6 0.2471781    0.0007    0.000   118.21    44.27      2.1
 MSK6 0.2474062    0.0002    0.000   104.55   125.39     0.31
*3MK7 0.2833149    0.0008    0.001    35.12    39.67      2.3
 M8   0.3220456    0.0006    0.001    41.78    97.03     0.41
