
file name: PortHardy_analysis_filter_31-Dec-2005_02-Jan-2007
date: 22-Apr-2015
nobs = 8809,  ngood = 8468,  record length (days) = 367.04
start time: 31-Dec-2005
rayleigh criterion = 1.0
Greenwich phase computed with nodal corrections applied to amplitude \n and phase relative to center time

x0= 2.89, x trend= 0

var(x)= 1.2274   var(xp)= 1.2118   var(xres)= 0.015565
percent var predicted/var original= 98.7 %

     tidal amplitude and phase with 95% CI estimates

tide   freq       amp     amp_err    pha    pha_err     snr
*SA   0.0001141    0.1289    0.043    25.16    18.27      9.1
 SSA  0.0002282    0.0302    0.038   175.75    86.65     0.63
 MSM  0.0013098    0.0525    0.042    62.75    47.37      1.6
 MM   0.0015122    0.0110    0.032    72.11   176.17     0.12
 MSF  0.0028219    0.0153    0.031    94.86   141.84     0.24
 MF   0.0030501    0.0265    0.033   199.97   108.25     0.65
 ALP1 0.0343966    0.0026    0.002   135.60    47.47      1.5
*2Q1  0.0357064    0.0059    0.002   158.26    21.57        8
*SIG1 0.0359087    0.0073    0.003   109.34    17.03      7.8
*Q1   0.0372185    0.0552    0.002   120.55     2.40    7e+02
*RHO1 0.0374209    0.0108    0.002   117.38    12.08       23
*O1   0.0387307    0.3024    0.002   123.06     0.47  1.7e+04
 TAU1 0.0389588    0.0042    0.003   189.46    51.31      1.9
*BET1 0.0400404    0.0036    0.002   151.82    31.39      2.8
*NO1  0.0402686    0.0251    0.002   120.11     3.96  2.4e+02
*CHI1 0.0404710    0.0048    0.002   139.59    23.88        6
*PI1  0.0414385    0.0085    0.002   112.79    19.05       12
*P1   0.0415526    0.1612    0.002   127.40     1.01  4.2e+03
*S1   0.0416667    0.0179    0.003    88.83    12.39       28
*K1   0.0417807    0.5002    0.002   130.74     0.28  4.8e+04
*PSI1 0.0418948    0.0057    0.002   353.02    24.79      6.9
*PHI1 0.0420089    0.0105    0.003   129.69    14.83       15
*THE1 0.0430905    0.0072    0.002   129.28    19.41       11
*J1   0.0432929    0.0320    0.002   132.65     4.30  1.8e+02
*SO1  0.0446027    0.0054    0.002   163.54    22.70      5.8
*OO1  0.0448308    0.0173    0.001   151.88     4.32  1.8e+02
*UPS1 0.0463430    0.0027    0.001   184.46    28.43      3.8
 OQ2  0.0759749    0.0007    0.002    58.88   148.42     0.15
*EPS2 0.0761773    0.0071    0.002   351.25    18.81      8.4
*2N2  0.0774871    0.0328    0.002   352.77     4.35  1.9e+02
*MU2  0.0776895    0.0348    0.002   354.18     4.21  2.1e+02
*N2   0.0789992    0.2720    0.003     1.79     0.57  1.1e+04
*NU2  0.0792016    0.0549    0.003     4.30     2.67  4.4e+02
*H1   0.0803973    0.0102    0.002   138.81    14.16       18
*M2   0.0805114    1.3389    0.003    21.33     0.09  2.6e+05
*H2   0.0806255    0.0076    0.002   288.62    20.79       10
 MKS2 0.0807396    0.0018    0.001    47.52    63.78      1.5
*LDA2 0.0818212    0.0064    0.002    20.75    22.87      7.4
*L2   0.0820236    0.0252    0.004    30.55     9.89       52
*T2   0.0832193    0.0293    0.002    37.79     5.65  1.6e+02
*S2   0.0833333    0.4247    0.002    43.79     0.37  3.2e+04
 R2   0.0834474    0.0021    0.002    30.81    54.88      1.1
*K2   0.0835615    0.1140    0.002    33.20     0.89  4.7e+03
*MSN2 0.0848455    0.0062    0.003   103.93    24.99      6.1
*ETA2 0.0850736    0.0079    0.002    30.77    12.82       25
*MO3  0.1192421    0.0168    0.002    57.66     7.53       58
*M3   0.1207671    0.0044    0.003   306.06    38.49      2.5
*SO3  0.1220640    0.0068    0.002    74.06    18.68      8.4
*MK3  0.1222921    0.0100    0.002    48.29    13.48       20
*SK3  0.1251141    0.0116    0.002    87.76    11.79       29
 MN4  0.1595106    0.0014    0.001    58.74    61.68     0.96
 M4   0.1610228    0.0008    0.001   269.43    99.33     0.41
 SN4  0.1623326    0.0018    0.001    88.95    50.91      1.5
*MS4  0.1638447    0.0022    0.001    65.71    40.18      2.4
*MK4  0.1640729    0.0029    0.001    33.55    20.82      7.4
 S4   0.1666667    0.0005    0.001   140.09   137.22     0.25
 SK4  0.1668948    0.0013    0.001   203.28    43.55      1.5
*2MK5 0.2028035    0.0054    0.001   233.33    11.58       26
 2SK5 0.2084474    0.0003    0.001   323.15   166.59     0.16
*2MN6 0.2400221    0.0022    0.000   230.20    11.71       23
*M6   0.2415342    0.0040    0.000   264.10     6.51       72
*2MS6 0.2443561    0.0024    0.000   298.35     9.36       36
*2MK6 0.2445843    0.0011    0.000   274.80    16.95       10
 2SM6 0.2471781    0.0004    0.000   321.23    61.54      1.1
*MSK6 0.2474062    0.0004    0.000   302.53    38.80      2.1
 3MK7 0.2833149    0.0002    0.000   344.38   106.01     0.46
*M8   0.3220456    0.0007    0.000    45.85    29.43      3.1
