
file name: PortHardy_analysis_filter_31-Dec-2011_02-Jan-2013
date: 22-Apr-2015
nobs = 8833,  ngood = 8389,  record length (days) = 368.04
start time: 31-Dec-2011
rayleigh criterion = 1.0
Greenwich phase computed with nodal corrections applied to amplitude \n and phase relative to center time

x0= 2.9, x trend= 0

var(x)= 1.2467   var(xp)= 1.234   var(xres)= 0.012792
percent var predicted/var original= 99.0 %

     tidal amplitude and phase with 95% CI estimates

tide   freq       amp     amp_err    pha    pha_err     snr
*SA   0.0001141    0.0942    0.040    16.96    23.15      5.5
 SSA  0.0002282    0.0381    0.038   128.30    61.09        1
 MSM  0.0013098    0.0161    0.031   188.20   133.61     0.28
 MM   0.0015122    0.0100    0.028    90.29   157.00     0.13
 MSF  0.0028219    0.0127    0.031   228.98   164.70     0.17
 MF   0.0030501    0.0240    0.031   170.55    85.20     0.58
 ALP1 0.0343966    0.0022    0.002    79.50    62.39     0.88
*2Q1  0.0357064    0.0078    0.002   131.30    15.89       12
*SIG1 0.0359087    0.0087    0.002   144.56    16.03       14
*Q1   0.0372185    0.0528    0.002   121.56     2.62  5.5e+02
*RHO1 0.0374209    0.0112    0.002   121.54    11.58       25
*O1   0.0387307    0.2986    0.002   123.36     0.43  1.5e+04
 TAU1 0.0389588    0.0021    0.002   192.40    57.44      1.2
*BET1 0.0400404    0.0052    0.002   144.85    27.06      4.5
*NO1  0.0402686    0.0150    0.002   136.58     8.97       51
*CHI1 0.0404710    0.0051    0.002   118.29    25.95      6.9
*PI1  0.0414385    0.0057    0.002   111.11    21.25      6.9
*P1   0.0415526    0.1565    0.002   126.03     0.66  5.6e+03
*S1   0.0416667    0.0183    0.003    65.43     9.60       37
*K1   0.0417807    0.4984    0.002   130.68     0.25  5.7e+04
*PSI1 0.0418948    0.0057    0.002   109.28    22.16      6.2
*PHI1 0.0420089    0.0065    0.002   117.74    17.10      7.6
*THE1 0.0430905    0.0041    0.002   106.38    36.52      4.2
*J1   0.0432929    0.0322    0.002   146.60     4.39  1.8e+02
*SO1  0.0446027    0.0066    0.002   171.67    18.90      7.5
*OO1  0.0448308    0.0160    0.003   149.22    11.25       31
 UPS1 0.0463430    0.0037    0.003   194.26    46.33      1.7
 OQ2  0.0759749    0.0033    0.003   316.08    52.44      1.6
*EPS2 0.0761773    0.0070    0.003   346.78    24.42      7.7
*2N2  0.0774871    0.0347    0.002   334.82     4.70  1.9e+02
*MU2  0.0776895    0.0353    0.003   353.43     4.08  1.9e+02
*N2   0.0789992    0.2784    0.002     2.77     0.46  1.8e+04
*NU2  0.0792016    0.0522    0.002     6.65     2.83  4.6e+02
*H1   0.0803973    0.0042    0.002   105.04    36.89      3.1
*M2   0.0805114    1.3351    0.003    21.81     0.10  2.7e+05
*H2   0.0806255    0.0104    0.003   333.10    13.62       16
 MKS2 0.0807396    0.0007    0.002   245.78   174.89     0.12
*LDA2 0.0818212    0.0064    0.002    31.72    22.15        7
*L2   0.0820236    0.0224    0.002    34.97     5.12  1.1e+02
*T2   0.0832193    0.0283    0.002    29.92     4.42  1.3e+02
*S2   0.0833333    0.4261    0.002    43.79     0.32  3.4e+04
 R2   0.0834474    0.0011    0.002   256.24   107.68     0.44
*K2   0.0835615    0.1105    0.003    35.11     1.31  1.9e+03
 MSN2 0.0848455    0.0027    0.003   120.99    53.44      1.1
*ETA2 0.0850736    0.0099    0.003    53.43    19.41      9.7
*MO3  0.1192421    0.0170    0.003    48.52     8.24       45
*M3   0.1207671    0.0060    0.002   328.95    21.93      9.7
*SO3  0.1220640    0.0077    0.003    59.02    18.35      9.1
*MK3  0.1222921    0.0112    0.002    47.30    11.83       21
*SK3  0.1251141    0.0120    0.002    86.08    12.56       25
 MN4  0.1595106    0.0009    0.001   112.91    79.34     0.68
*M4   0.1610228    0.0027    0.001   310.93    26.07      4.8
*SN4  0.1623326    0.0017    0.001   126.40    41.19      2.7
*MS4  0.1638447    0.0022    0.001    95.32    33.15        3
*MK4  0.1640729    0.0024    0.001    20.16    31.34      2.7
 S4   0.1666667    0.0007    0.001   149.06    95.15     0.43
 SK4  0.1668948    0.0013    0.002   201.19    54.41     0.74
*2MK5 0.2028035    0.0052    0.001   239.34    10.79       28
 2SK5 0.2084474    0.0005    0.001   293.57    92.34     0.35
*2MN6 0.2400221    0.0019    0.000   236.32    11.69       27
*M6   0.2415342    0.0039    0.000   256.64     6.63       89
*2MS6 0.2443561    0.0027    0.000   286.56    11.00       45
*2MK6 0.2445843    0.0009    0.000   281.32    30.98      4.7
*2SM6 0.2471781    0.0008    0.000   294.18    32.34      3.2
 MSK6 0.2474062    0.0005    0.000   355.96    54.86      1.6
 3MK7 0.2833149    0.0002    0.000   274.89   119.60     0.25
*M8   0.3220456    0.0009    0.000    37.71    14.63       12
