
file name: PortHardy_analysis_filter_31-Dec-2008_02-Jan-2010
date: 22-Apr-2015
nobs = 8809,  ngood = 8629,  record length (days) = 367.04
start time: 31-Dec-2008
rayleigh criterion = 1.0
Greenwich phase computed with nodal corrections applied to amplitude \n and phase relative to center time

x0= 2.85, x trend= 0

var(x)= 1.2085   var(xp)= 1.1963   var(xres)= 0.012169
percent var predicted/var original= 99.0 %

     tidal amplitude and phase with 95% CI estimates

tide   freq       amp     amp_err    pha    pha_err     snr
*SA   0.0001141    0.0810    0.031   325.64    26.37        7
 SSA  0.0002282    0.0115    0.025   133.73   133.50     0.21
 MSM  0.0013098    0.0421    0.031   252.23    46.93      1.8
 MM   0.0015122    0.0309    0.035   172.69    64.88     0.79
 MSF  0.0028219    0.0163    0.028   259.47   104.17     0.35
 MF   0.0030501    0.0247    0.032   138.09    80.73     0.59
*ALP1 0.0343966    0.0038    0.002   145.26    32.30      2.9
*2Q1  0.0357064    0.0087    0.002   135.29    13.74       19
*SIG1 0.0359087    0.0069    0.002   136.06    16.19      9.5
*Q1   0.0372185    0.0536    0.002   120.89     2.35  5.8e+02
*RHO1 0.0374209    0.0144    0.002   114.80     8.54       38
*O1   0.0387307    0.3019    0.002   122.83     0.40  1.8e+04
 TAU1 0.0389588    0.0038    0.003   204.03    45.48      1.7
 BET1 0.0400404    0.0026    0.002   101.80    38.94      1.3
*NO1  0.0402686    0.0241    0.003   149.60     7.89       56
*CHI1 0.0404710    0.0050    0.002   146.24    25.69      4.7
*PI1  0.0414385    0.0097    0.003   121.84    16.28       14
*P1   0.0415526    0.1594    0.002   127.79     0.91  4.8e+03
*S1   0.0416667    0.0215    0.004    87.82    10.15       34
*K1   0.0417807    0.5028    0.002   130.61     0.27  4.8e+04
 PSI1 0.0418948    0.0020    0.002    22.67    73.65      0.8
*PHI1 0.0420089    0.0099    0.003   121.25    14.48       11
*THE1 0.0430905    0.0043    0.002   143.03    32.19      3.8
*J1   0.0432929    0.0262    0.002   141.16     4.92  2.1e+02
*SO1  0.0446027    0.0054    0.002   190.99    24.36      5.8
*OO1  0.0448308    0.0177    0.002   156.29     6.89       92
 UPS1 0.0463430    0.0024    0.002   182.44    48.13      1.8
*OQ2  0.0759749    0.0032    0.002   302.61    37.47      3.6
*EPS2 0.0761773    0.0062    0.002   341.11    20.35      7.5
*2N2  0.0774871    0.0297    0.002   332.16     3.55  1.8e+02
*MU2  0.0776895    0.0334    0.002   350.38     4.09  2.6e+02
*N2   0.0789992    0.2750    0.003     0.94     0.52  9.5e+03
*NU2  0.0792016    0.0509    0.002     4.71     2.52  5.6e+02
*H1   0.0803973    0.0034    0.002    59.58    39.37      2.5
*M2   0.0805114    1.3291    0.002    21.69     0.10    3e+05
*H2   0.0806255    0.0085    0.002   326.56    15.75       13
 MKS2 0.0807396    0.0016    0.002   261.51    71.09      0.8
*LDA2 0.0818212    0.0059    0.002    30.34    23.60      5.9
*L2   0.0820236    0.0306    0.002    25.54     3.68  2.4e+02
*T2   0.0832193    0.0269    0.002    36.09     4.99  1.8e+02
*S2   0.0833333    0.4240    0.003    43.44     0.35  2.1e+04
 R2   0.0834474    0.0022    0.002   265.93    50.47      1.4
*K2   0.0835615    0.1130    0.002    34.80     1.10    3e+03
*MSN2 0.0848455    0.0060    0.002   137.97    23.52      7.5
*ETA2 0.0850736    0.0055    0.002    59.52    16.00       13
*MO3  0.1192421    0.0177    0.002    50.73     8.26       61
*M3   0.1207671    0.0126    0.003   321.16    11.80       17
*SO3  0.1220640    0.0061    0.003    62.96    27.24      5.1
*MK3  0.1222921    0.0095    0.003    55.73    17.42       13
*SK3  0.1251141    0.0101    0.003    85.28    14.72       13
 MN4  0.1595106    0.0005    0.001   341.62   127.41     0.28
*M4   0.1610228    0.0023    0.001   303.01    31.22      3.7
 SN4  0.1623326    0.0001    0.001   243.30   234.38    0.016
*MS4  0.1638447    0.0018    0.001    82.94    34.75      2.4
*MK4  0.1640729    0.0035    0.001    25.87    18.66      9.6
 S4   0.1666667    0.0006    0.001   171.06   106.74     0.42
 SK4  0.1668948    0.0014    0.001   194.75    41.82        2
*2MK5 0.2028035    0.0056    0.001   239.97    11.70       20
 2SK5 0.2084474    0.0005    0.001     9.25   115.71      0.3
*2MN6 0.2400221    0.0019    0.000   228.08    12.64       19
*M6   0.2415342    0.0042    0.001   256.14     5.64       66
*2MS6 0.2443561    0.0029    0.000   284.47     7.53       43
*2MK6 0.2445843    0.0010    0.000   266.25    20.58      7.8
*2SM6 0.2471781    0.0008    0.000   307.77    29.59      4.9
*MSK6 0.2474062    0.0007    0.000   302.88    33.15      2.9
 3MK7 0.2833149    0.0004    0.000   321.20    60.52      1.2
*M8   0.3220456    0.0009    0.000    54.51    25.49      4.9
