
file name: Tofino_analysis_filter_31-Dec-2011_02-Jan-2013
date: 22-Apr-2015
nobs = 8833,  ngood = 8031,  record length (days) = 368.04
start time: 31-Dec-2011
rayleigh criterion = 1.0
Greenwich phase computed with nodal corrections applied to amplitude \n and phase relative to center time

x0= 2.09, x trend= 0

var(x)= 0.68914   var(xp)= 0.6775   var(xres)= 0.011944
percent var predicted/var original= 98.3 %

     tidal amplitude and phase with 95% CI estimates

tide   freq       amp     amp_err    pha    pha_err     snr
*SA   0.0001141    0.0926    0.038    11.88    20.92      5.9
 SSA  0.0002282    0.0286    0.033   115.83    82.99     0.75
 MSM  0.0013098    0.0219    0.037   185.56    94.11     0.35
 MM   0.0015122    0.0020    0.028   111.93   251.98   0.0053
 MSF  0.0028219    0.0157    0.034   211.26   141.84     0.22
 MF   0.0030501    0.0267    0.035   173.75    81.80     0.58
 ALP1 0.0343966    0.0010    0.002    42.33   104.44     0.32
*2Q1  0.0357064    0.0047    0.002   133.19    25.57        6
*SIG1 0.0359087    0.0074    0.002   123.16    16.26       14
*Q1   0.0372185    0.0447    0.002   114.15     2.57  5.3e+02
*RHO1 0.0374209    0.0082    0.002   118.95    13.57       19
*O1   0.0387307    0.2457    0.002   115.35     0.54  1.3e+04
 TAU1 0.0389588    0.0016    0.001   110.51    62.96      1.2
 BET1 0.0400404    0.0011    0.002   184.91    94.14     0.42
*NO1  0.0402686    0.0122    0.002   125.85     9.58       30
 CHI1 0.0404710    0.0022    0.002   161.33    51.50      1.1
*PI1  0.0414385    0.0056    0.002   150.03    21.90       13
*P1   0.0415526    0.1198    0.002   117.88     0.91  3.1e+03
*S1   0.0416667    0.0130    0.003   100.69    10.92       23
*K1   0.0417807    0.3879    0.002   121.14     0.26  3.4e+04
*PSI1 0.0418948    0.0038    0.002   142.05    23.01      4.2
*PHI1 0.0420089    0.0062    0.002    98.46    16.81       11
*THE1 0.0430905    0.0033    0.002   109.47    38.41      3.1
*J1   0.0432929    0.0276    0.002   132.76     4.10  1.7e+02
*SO1  0.0446027    0.0085    0.002   144.40    12.58       20
*OO1  0.0448308    0.0121    0.002   131.95    11.86       26
 UPS1 0.0463430    0.0027    0.002   167.41    54.79      1.2
 OQ2  0.0759749    0.0024    0.002   263.37    52.39      1.5
*EPS2 0.0761773    0.0051    0.002     7.30    20.71      7.4
*2N2  0.0774871    0.0256    0.002   324.80     4.53  1.7e+02
*MU2  0.0776895    0.0176    0.002   343.99     5.84    1e+02
*N2   0.0789992    0.2031    0.002   349.77     0.51  1.1e+04
*NU2  0.0792016    0.0402    0.002   351.82     2.61  5.3e+02
*H1   0.0803973    0.0043    0.002    37.25    23.34      6.2
*M2   0.0805114    0.9855    0.002     8.66     0.11  3.1e+05
*H2   0.0806255    0.0061    0.002   314.63    17.19       11
*MKS2 0.0807396    0.0037    0.002   337.47    31.69      3.6
*LDA2 0.0818212    0.0094    0.002    13.82    11.10       28
*L2   0.0820236    0.0213    0.002    21.17     4.44  1.6e+02
*T2   0.0832193    0.0185    0.002    19.19     5.89  1.2e+02
*S2   0.0833333    0.2822    0.002    30.16     0.35  2.2e+04
 R2   0.0834474    0.0009    0.001    70.39    86.57     0.44
*K2   0.0835615    0.0749    0.002    22.83     1.34  1.2e+03
 MSN2 0.0848455    0.0026    0.002   154.50    40.88        2
*ETA2 0.0850736    0.0059    0.002    30.63    23.79      7.5
*MO3  0.1192421    0.0066    0.001    68.62     8.84       47
*M3   0.1207671    0.0030    0.001   313.32    16.68       13
*SO3  0.1220640    0.0047    0.001    89.69    12.47       22
*MK3  0.1222921    0.0086    0.001    90.93     5.49       79
*SK3  0.1251141    0.0038    0.001    86.62    14.34       18
*MN4  0.1595106    0.0083    0.001   359.82     5.46       97
*M4   0.1610228    0.0199    0.001    16.76     2.17  6.2e+02
*SN4  0.1623326    0.0017    0.001    17.91    33.19      5.5
*MS4  0.1638447    0.0107    0.001    34.05     4.32  1.5e+02
*MK4  0.1640729    0.0037    0.001    24.37    15.45       15
 S4   0.1666667    0.0007    0.001     4.85    70.48     0.84
*SK4  0.1668948    0.0012    0.001    72.12    43.51      2.3
*2MK5 0.2028035    0.0021    0.001   109.56    21.75      6.2
 2SK5 0.2084474    0.0006    0.001   248.10    86.96     0.57
*2MN6 0.2400221    0.0035    0.001    19.45    10.05       38
*M6   0.2415342    0.0051    0.001    46.37     7.24       63
*2MS6 0.2443561    0.0040    0.001    63.50     9.24       60
*2MK6 0.2445843    0.0017    0.001    44.58    24.96      7.4
*2SM6 0.2471781    0.0013    0.001    89.51    25.77      4.4
*MSK6 0.2474062    0.0015    0.001    61.20    23.75      4.8
*3MK7 0.2833149    0.0018    0.001   119.23    22.68      6.8
*M8   0.3220456    0.0022    0.000    50.66    11.63       26
