
file name: Tofino_analysis_filter_31-Dec-2008_02-Jan-2010
date: 22-Apr-2015
nobs = 8809,  ngood = 8476,  record length (days) = 367.04
start time: 31-Dec-2008
rayleigh criterion = 1.0
Greenwich phase computed with nodal corrections applied to amplitude \n and phase relative to center time

x0= 2.07, x trend= 0

var(x)= 0.68145   var(xp)= 0.66909   var(xres)= 0.012698
percent var predicted/var original= 98.2 %

     tidal amplitude and phase with 95% CI estimates

tide   freq       amp     amp_err    pha    pha_err     snr
*SA   0.0001141    0.0886    0.036   330.78    22.70      6.2
 SSA  0.0002282    0.0173    0.029   187.18   121.41     0.35
 MSM  0.0013098    0.0350    0.032   229.72    54.63      1.2
 MM   0.0015122    0.0363    0.029   158.36    48.42      1.5
 MSF  0.0028219    0.0267    0.029   244.74    76.40     0.84
 MF   0.0030501    0.0277    0.030   143.07    75.28     0.86
*ALP1 0.0343966    0.0039    0.002   129.87    22.38      4.5
*2Q1  0.0357064    0.0069    0.002   123.70    14.81       14
*SIG1 0.0359087    0.0064    0.002   123.90    15.51       14
*Q1   0.0372185    0.0453    0.002   113.71     2.13  6.1e+02
*RHO1 0.0374209    0.0116    0.002   114.77     8.56       48
*O1   0.0387307    0.2477    0.002   115.85     0.40  1.6e+04
*TAU1 0.0389588    0.0041    0.003   132.26    36.46      2.6
 BET1 0.0400404    0.0010    0.002    57.76    90.76     0.39
*NO1  0.0402686    0.0221    0.002   133.52     5.83  1.1e+02
*CHI1 0.0404710    0.0043    0.002   148.01    22.34      6.8
*PI1  0.0414385    0.0068    0.002   122.59    17.71      9.8
*P1   0.0415526    0.1250    0.002   118.13     0.94    5e+03
*S1   0.0416667    0.0176    0.003   121.65     9.58       29
*K1   0.0417807    0.3899    0.002   121.14     0.27  4.8e+04
*PSI1 0.0418948    0.0035    0.002   225.53    30.91      3.4
*PHI1 0.0420089    0.0074    0.002   108.61    15.40      9.2
*THE1 0.0430905    0.0049    0.002   135.12    20.78      7.5
*J1   0.0432929    0.0203    0.002   130.93     5.15  1.4e+02
*SO1  0.0446027    0.0061    0.002   159.17    16.64       13
*OO1  0.0448308    0.0135    0.001   142.96     5.92       89
 UPS1 0.0463430    0.0018    0.001   140.88    43.15      1.7
*OQ2  0.0759749    0.0026    0.001   298.14    30.29      3.7
*EPS2 0.0761773    0.0033    0.002   342.06    26.64      4.8
*2N2  0.0774871    0.0235    0.001   322.45     3.38  2.6e+02
*MU2  0.0776895    0.0167    0.002   335.97     5.35  1.2e+02
*N2   0.0789992    0.2041    0.002   348.06     0.45  1.5e+04
*NU2  0.0792016    0.0384    0.002   353.36     2.06  6.1e+02
*H1   0.0803973    0.0037    0.001    26.14    25.57      7.1
*M2   0.0805114    0.9871    0.002     8.71     0.10    4e+05
*H2   0.0806255    0.0064    0.001   320.83    15.29       20
 MKS2 0.0807396    0.0015    0.001   115.78    52.87      1.4
*LDA2 0.0818212    0.0081    0.002   349.60    13.13       23
*L2   0.0820236    0.0259    0.001    17.96     2.95  3.2e+02
*T2   0.0832193    0.0174    0.002    24.49     5.71  1.2e+02
*S2   0.0833333    0.2844    0.002    30.15     0.31  2.9e+04
 R2   0.0834474    0.0007    0.001   240.69   105.39     0.43
*K2   0.0835615    0.0771    0.001    22.43     0.98  3.5e+03
*MSN2 0.0848455    0.0042    0.001   167.05    29.34      9.7
*ETA2 0.0850736    0.0035    0.001    55.82    17.31      9.7
*MO3  0.1192421    0.0062    0.001    73.48     8.92       46
*M3   0.1207671    0.0018    0.001   342.28    31.39      3.1
*SO3  0.1220640    0.0041    0.001    96.62    12.29       20
*MK3  0.1222921    0.0068    0.001    92.68     7.81       53
*SK3  0.1251141    0.0034    0.001    80.44    15.20       13
*MN4  0.1595106    0.0077    0.001   353.01     7.80       79
*M4   0.1610228    0.0191    0.001    17.44     3.21  3.7e+02
*SN4  0.1623326    0.0018    0.001    20.50    28.63      4.1
*MS4  0.1638447    0.0098    0.001    34.51     5.58  1.1e+02
*MK4  0.1640729    0.0033    0.001    38.10    14.47       17
*S4   0.1666667    0.0015    0.001    50.53    34.85      2.5
*SK4  0.1668948    0.0017    0.001    79.84    25.29      5.1
*2MK5 0.2028035    0.0020    0.001   127.13    21.97      5.3
 2SK5 0.2084474    0.0007    0.001   193.17    60.96     0.97
*2MN6 0.2400221    0.0033    0.001    28.31    13.36       20
*M6   0.2415342    0.0052    0.001    61.27     7.10       58
*2MS6 0.2443561    0.0045    0.001    68.36     8.58       40
*2MK6 0.2445843    0.0023    0.001    44.38    14.77       17
*2SM6 0.2471781    0.0011    0.001    90.78    31.60      2.7
*MSK6 0.2474062    0.0011    0.001    93.90    36.90      4.5
*3MK7 0.2833149    0.0018    0.001   124.30    22.32      5.8
*M8   0.3220456    0.0024    0.001    51.35    12.24       22
