
file name: WinterHarbour_analysis_filter_31-Dec-2008_02-Jan-2010
date: 06-May-2015
nobs = 8809,  ngood = 8383,  record length (days) = 367.04
start time: 31-Dec-2008
rayleigh criterion = 1.0
Greenwich phase computed with nodal corrections applied to amplitude \n and phase relative to center time

x0= 2.16, x trend= 0

var(x)= 0.73161   var(xp)= 0.71772   var(xres)= 0.013869
percent var predicted/var original= 98.1 %

     tidal amplitude and phase with 95% CI estimates

tide   freq       amp     amp_err    pha    pha_err     snr
*SA   0.0001141    0.0991    0.044   332.86    24.80        5
 SSA  0.0002282    0.0113    0.029   111.91   168.16     0.15
 MSM  0.0013098    0.0401    0.036   252.46    56.94      1.3
 MM   0.0015122    0.0347    0.037   166.00    70.78     0.86
 MSF  0.0028219    0.0187    0.033   255.46   124.24     0.32
 MF   0.0030501    0.0156    0.025   121.07   131.37     0.39
*ALP1 0.0343966    0.0037    0.002   129.26    31.56      3.2
*2Q1  0.0357064    0.0070    0.002   121.72    17.74       13
*SIG1 0.0359087    0.0063    0.002   121.63    20.52       11
*Q1   0.0372185    0.0485    0.002   117.31     2.54  4.3e+02
*RHO1 0.0374209    0.0118    0.002   112.41     8.86       29
*O1   0.0387307    0.2715    0.002   119.73     0.47  2.1e+04
 TAU1 0.0389588    0.0028    0.003   250.80    65.31      1.1
 BET1 0.0400404    0.0022    0.002    31.81    51.84      1.1
*NO1  0.0402686    0.0250    0.003   142.67     5.95       64
*CHI1 0.0404710    0.0038    0.002   164.77    31.71      3.1
*PI1  0.0414385    0.0081    0.002   130.90    17.28       11
*P1   0.0415526    0.1395    0.002   122.55     1.08  3.4e+03
*S1   0.0416667    0.0195    0.003   134.69     9.89       36
*K1   0.0417807    0.4364    0.002   126.05     0.30  4.1e+04
*PSI1 0.0418948    0.0072    0.002   213.63    18.45       10
*PHI1 0.0420089    0.0079    0.003   107.91    20.68      8.3
*THE1 0.0430905    0.0052    0.002   136.02    24.84      6.8
*J1   0.0432929    0.0229    0.002   131.18     4.30  1.4e+02
*SO1  0.0446027    0.0058    0.002   157.77    20.83      6.1
*OO1  0.0448308    0.0141    0.002   151.15     7.53       62
*UPS1 0.0463430    0.0035    0.001   164.04    28.11      5.7
*OQ2  0.0759749    0.0021    0.001   297.53    37.06      3.1
*EPS2 0.0761773    0.0047    0.001   333.08    16.90       12
*2N2  0.0774871    0.0227    0.001   322.41     3.24    3e+02
*MU2  0.0776895    0.0205    0.001   328.05     4.33    2e+02
*N2   0.0789992    0.2076    0.001   350.13     0.42    2e+04
*NU2  0.0792016    0.0392    0.002   354.69     2.16  6.8e+02
*H1   0.0803973    0.0021    0.002    20.57    39.97        2
*M2   0.0805114    1.0034    0.002    11.70     0.08  3.8e+05
*H2   0.0806255    0.0041    0.001   289.49    23.26      7.6
 MKS2 0.0807396    0.0007    0.001    62.95   125.17     0.42
*LDA2 0.0818212    0.0053    0.002    25.80    15.85       10
*L2   0.0820236    0.0240    0.001    24.79     3.00  3.4e+02
*T2   0.0832193    0.0184    0.002    31.66     4.75  1.3e+02
*S2   0.0833333    0.2977    0.001    33.03     0.32  4.1e+04
 R2   0.0834474    0.0009    0.001   350.94    69.99     0.65
*K2   0.0835615    0.0803    0.001    24.84     0.90  3.6e+03
*MSN2 0.0848455    0.0025    0.002   169.03    39.03      2.2
*ETA2 0.0850736    0.0041    0.001    52.31    13.72       15
 MO3  0.1192421    0.0009    0.001    89.57    57.48      1.2
*M3   0.1207671    0.0020    0.001   293.75    24.72        5
 SO3  0.1220640    0.0008    0.001   246.85    50.61      1.1
*MK3  0.1222921    0.0012    0.001   267.25    37.67      2.2
*SK3  0.1251141    0.0016    0.001    29.37    28.52      3.4
*MN4  0.1595106    0.0010    0.001   355.34    29.72      3.3
*M4   0.1610228    0.0021    0.001    62.77    16.18       14
 SN4  0.1623326    0.0002    0.000    87.69   145.98      0.2
 MS4  0.1638447    0.0005    0.001   261.31    76.47     0.62
 MK4  0.1640729    0.0005    0.000   125.78    67.43     0.95
 S4   0.1666667    0.0007    0.001   329.50    48.39      1.4
*SK4  0.1668948    0.0008    0.000   123.19    43.97      2.6
 2MK5 0.2028035    0.0007    0.001   256.17    46.55      1.9
 2SK5 0.2084474    0.0006    0.000   203.76    44.42      1.8
*2MN6 0.2400221    0.0017    0.001    76.36    17.87      9.6
*M6   0.2415342    0.0024    0.000   110.54    12.08       24
*2MS6 0.2443561    0.0008    0.000   122.36    34.24      3.1
 2MK6 0.2445843    0.0005    0.000    77.15    50.14      1.3
 2SM6 0.2471781    0.0003    0.000   118.41   104.19     0.39
 MSK6 0.2474062    0.0004    0.000   221.72    65.39      1.4
 3MK7 0.2833149    0.0004    0.000   211.31    65.08     0.67
 M8   0.3220456    0.0001    0.000   216.44   157.64     0.14
