
file name: WinterHarbour_analysis_filter_31-Dec-2005_02-Jan-2007
date: 06-May-2015
nobs = 8809,  ngood = 8001,  record length (days) = 367.04
start time: 31-Dec-2005
rayleigh criterion = 1.0
Greenwich phase computed with nodal corrections applied to amplitude \n and phase relative to center time

x0= 2.2, x trend= 0

var(x)= 0.75116   var(xp)= 0.73435   var(xres)= 0.017749
percent var predicted/var original= 97.8 %

     tidal amplitude and phase with 95% CI estimates

tide   freq       amp     amp_err    pha    pha_err     snr
*SA   0.0001141    0.1574    0.050    23.66    17.27      9.8
 SSA  0.0002282    0.0339    0.040   161.09    84.06     0.71
 MSM  0.0013098    0.0514    0.050    56.70    50.84        1
 MM   0.0015122    0.0192    0.036    60.83   147.03     0.29
 MSF  0.0028219    0.0207    0.037    92.61   129.66     0.32
 MF   0.0030501    0.0262    0.042   201.13   103.09     0.38
 ALP1 0.0343966    0.0022    0.002    85.57    54.62      1.2
*2Q1  0.0357064    0.0074    0.002   166.58    20.37      9.5
*SIG1 0.0359087    0.0052    0.002   120.48    22.84      5.8
*Q1   0.0372185    0.0498    0.002   115.09     2.41  5.1e+02
*RHO1 0.0374209    0.0103    0.002   106.49    12.75       20
*O1   0.0387307    0.2742    0.002   120.10     0.46  1.4e+04
*TAU1 0.0389588    0.0055    0.003   119.48    35.10      3.4
 BET1 0.0400404    0.0032    0.002   134.42    37.07        2
*NO1  0.0402686    0.0223    0.002   119.68     4.25  1.6e+02
*CHI1 0.0404710    0.0035    0.002   119.79    38.94      3.5
*PI1  0.0414385    0.0099    0.003   148.80    15.66       14
*P1   0.0415526    0.1400    0.002   123.20     1.08  3.5e+03
*S1   0.0416667    0.0228    0.004   149.00     9.91       36
*K1   0.0417807    0.4386    0.002   126.39     0.28  3.6e+04
*PSI1 0.0418948    0.0084    0.002   256.73    19.20       12
*PHI1 0.0420089    0.0062    0.003   114.00    23.06      5.6
*THE1 0.0430905    0.0061    0.002   136.11    18.81      9.8
*J1   0.0432929    0.0288    0.002   128.43     4.25  1.4e+02
*SO1  0.0446027    0.0055    0.002   157.87    23.36        6
*OO1  0.0448308    0.0147    0.001   143.63     5.15  1.3e+02
*UPS1 0.0463430    0.0021    0.001   154.63    40.31      2.6
*OQ2  0.0759749    0.0032    0.001   305.15    26.70      5.8
*EPS2 0.0761773    0.0049    0.002   344.25    18.15      8.5
*2N2  0.0774871    0.0234    0.002   342.39     4.37    2e+02
*MU2  0.0776895    0.0229    0.002   334.45     4.58    2e+02
*N2   0.0789992    0.2056    0.002   350.95     0.49  1.7e+04
*NU2  0.0792016    0.0431    0.002   354.85     2.18  4.7e+02
*H1   0.0803973    0.0043    0.002    63.27    22.63      5.6
*M2   0.0805114    1.0108    0.002    11.38     0.09  4.4e+05
 H2   0.0806255    0.0010    0.001   172.92    90.70     0.47
*MKS2 0.0807396    0.0022    0.001   312.95    32.29      3.5
*LDA2 0.0818212    0.0074    0.002    15.23    10.90       19
*L2   0.0820236    0.0232    0.003    41.66     6.14       85
*T2   0.0832193    0.0186    0.002    28.42     4.89  1.5e+02
*S2   0.0833333    0.2983    0.002    32.78     0.29  3.6e+04
*R2   0.0834474    0.0023    0.001     7.24    28.06      3.4
*K2   0.0835615    0.0809    0.001    23.03     0.80    5e+03
 MSN2 0.0848455    0.0022    0.002    85.51    44.02      1.6
*ETA2 0.0850736    0.0054    0.001     8.34    10.92       21
 MO3  0.1192421    0.0004    0.001     1.39    99.79     0.46
*M3   0.1207671    0.0023    0.001   292.26    19.87      6.3
 SO3  0.1220640    0.0003    0.001   341.34   131.09      0.3
 MK3  0.1222921    0.0002    0.000   211.47   149.03     0.19
*SK3  0.1251141    0.0022    0.001    30.47    17.52      9.9
*MN4  0.1595106    0.0013    0.001     3.63    26.65      3.8
*M4   0.1610228    0.0025    0.001    70.29    14.37       17
*SN4  0.1623326    0.0009    0.001   319.84    38.53      2.9
 MS4  0.1638447    0.0001    0.000   306.12   230.34    0.011
 MK4  0.1640729    0.0004    0.000     7.00    83.50     0.53
 S4   0.1666667    0.0006    0.001   306.26    63.09      1.3
 SK4  0.1668948    0.0005    0.000    77.26    56.16      1.4
*2MK5 0.2028035    0.0010    0.001   188.95    30.21      3.8
 2SK5 0.2084474    0.0004    0.000   158.55    75.78     0.94
*2MN6 0.2400221    0.0016    0.001    58.10    22.08      9.9
*M6   0.2415342    0.0022    0.001   109.78    16.54       13
*2MS6 0.2443561    0.0021    0.001   111.91    15.20       12
 2MK6 0.2445843    0.0003    0.000   123.21   103.02     0.44
 2SM6 0.2471781    0.0002    0.000   174.24   134.09      0.3
 MSK6 0.2474062    0.0003    0.000    94.85    79.86     0.58
 3MK7 0.2833149    0.0002    0.000    58.64   124.90     0.34
 M8   0.3220456    0.0004    0.000   126.33    74.27     0.82
