
file name: WinterHarbour_analysis_filter_31-Dec-2011_02-Jan-2013
date: 06-May-2015
nobs = 8833,  ngood = 7963,  record length (days) = 368.04
start time: 31-Dec-2011
rayleigh criterion = 1.0
Greenwich phase computed with nodal corrections applied to amplitude \n and phase relative to center time

x0= 2.21, x trend= 0

var(x)= 0.73909   var(xp)= 0.72567   var(xres)= 0.013666
percent var predicted/var original= 98.2 %

     tidal amplitude and phase with 95% CI estimates

tide   freq       amp     amp_err    pha    pha_err     snr
*SA   0.0001141    0.1128    0.043    15.99    20.72        7
 SSA  0.0002282    0.0380    0.040   116.20    67.55     0.88
 MSM  0.0013098    0.0196    0.033   209.93   118.69     0.35
 MM   0.0015122    0.0043    0.029    33.88   240.81    0.022
 MSF  0.0028219    0.0094    0.028   257.70   173.26     0.11
 MF   0.0030501    0.0255    0.034   172.36   106.86     0.56
 ALP1 0.0343966    0.0025    0.002   185.01    52.19     0.98
*2Q1  0.0357064    0.0067    0.003   134.94    21.65      6.5
*SIG1 0.0359087    0.0047    0.002   123.95    28.09      4.1
*Q1   0.0372185    0.0464    0.002   115.65     3.22  3.8e+02
*RHO1 0.0374209    0.0094    0.002   101.38    13.67       17
*O1   0.0387307    0.2702    0.002   119.85     0.51  1.2e+04
*TAU1 0.0389588    0.0024    0.002    92.20    41.69        2
*BET1 0.0400404    0.0047    0.002   175.34    29.87      4.2
*NO1  0.0402686    0.0125    0.002   125.34    11.26       25
*CHI1 0.0404710    0.0052    0.002   120.48    26.62      4.7
*PI1  0.0414385    0.0075    0.002   155.27    15.53      9.6
*P1   0.0415526    0.1341    0.002   122.95     0.97  4.3e+03
*S1   0.0416667    0.0136    0.003   137.71    13.01       22
*K1   0.0417807    0.4341    0.002   126.33     0.31  3.6e+04
*PSI1 0.0418948    0.0084    0.002   158.07    15.71       18
 PHI1 0.0420089    0.0025    0.002   100.58    50.83      1.4
*THE1 0.0430905    0.0054    0.003   141.15    26.72      4.6
*J1   0.0432929    0.0280    0.002   139.43     5.46  1.3e+02
*SO1  0.0446027    0.0050    0.002   178.45    27.53      4.6
*OO1  0.0448308    0.0147    0.003   136.95    12.79       22
*UPS1 0.0463430    0.0052    0.003   166.46    38.06      2.7
 OQ2  0.0759749    0.0015    0.002   274.84    68.66     0.78
*EPS2 0.0761773    0.0041    0.002   333.03    20.66      7.4
*2N2  0.0774871    0.0268    0.002   326.75     3.71  3.2e+02
*MU2  0.0776895    0.0225    0.001   332.74     3.99  2.9e+02
*N2   0.0789992    0.2093    0.001   351.82     0.37  2.8e+04
*NU2  0.0792016    0.0406    0.001   355.92     2.15  8.6e+02
*H1   0.0803973    0.0067    0.001   353.66    14.24       20
*M2   0.0805114    1.0038    0.002    11.69     0.09  4.4e+05
*H2   0.0806255    0.0059    0.002   350.31    13.71       15
 MKS2 0.0807396    0.0011    0.001   257.84    80.25     0.68
*LDA2 0.0818212    0.0066    0.001    39.24    12.38       21
*L2   0.0820236    0.0211    0.001    27.27     3.43  2.7e+02
*T2   0.0832193    0.0177    0.002    27.59     4.74  1.3e+02
*S2   0.0833333    0.2976    0.001    33.07     0.26    5e+04
 R2   0.0834474    0.0014    0.001   338.83    50.69      1.8
*K2   0.0835615    0.0780    0.002    25.88     1.14  1.9e+03
 MSN2 0.0848455    0.0017    0.001   247.88    45.91      1.4
*ETA2 0.0850736    0.0076    0.002    27.04    13.99       17
 MO3  0.1192421    0.0006    0.001   143.76    95.95     0.49
*M3   0.1207671    0.0023    0.001   293.97    20.47      6.4
 SO3  0.1220640    0.0002    0.001    72.82   197.44    0.058
 MK3  0.1222921    0.0005    0.001   200.10   104.82     0.43
*SK3  0.1251141    0.0021    0.001    19.71    24.99      5.1
*MN4  0.1595106    0.0013    0.001    17.72    24.50      5.8
*M4   0.1610228    0.0031    0.001    58.03    10.57       28
*SN4  0.1623326    0.0007    0.000    58.49    50.10      2.3
 MS4  0.1638447    0.0005    0.001   172.75    56.74        1
 MK4  0.1640729    0.0006    0.001     8.21    59.05        1
 S4   0.1666667    0.0004    0.000   300.16    77.19     0.76
*SK4  0.1668948    0.0011    0.001   352.16    35.27      2.9
*2MK5 0.2028035    0.0010    0.001   264.42    26.35      3.8
*2SK5 0.2084474    0.0009    0.001   174.96    27.55      2.5
*2MN6 0.2400221    0.0012    0.001    95.82    23.04      5.2
*M6   0.2415342    0.0022    0.000   114.90    10.77       24
*2MS6 0.2443561    0.0009    0.000   119.46    31.09      3.3
 2MK6 0.2445843    0.0007    0.001    88.29    46.77      1.5
 2SM6 0.2471781    0.0005    0.000   100.02    50.83      1.3
 MSK6 0.2474062    0.0005    0.000   120.40    50.34      1.3
 3MK7 0.2833149    0.0002    0.000   139.34   148.74     0.21
 M8   0.3220456    0.0003    0.000   155.36    61.04      1.2
